TIMESTAMP X(mg) Y(mg) Z(mg)
599618622317206144 -957 189 357
599618622327206144 -950 191 359
599618622337206144 -951 190 358
599618622347206144 -955 190 356
599618622357206144 -958 185 353
599618622367206144 -961 182 345
599618622377206144 -961 183 345
599618622387206144 -960 185 343
599618622397206144 -960 190 337
599618622407206144 -961 195 337
599618622417206144 -956 196 338
599618622427206144 -965 196 343
599618622437206144 -971 195 343
599618622447206144 -976 192 341
599618622457206144 -982 190 350
599618622467206144 -986 189 354
599618622477206144 -986 193 351
599618622487206144 -980 197 345
599618622497206144 -974 206 345
599618622507206144 -969 213 343
599618622517206144 -962 210 337
599618622527206144 -957 207 335
599618622537206144 -951 205 331
599618622547206144 -946 201 329
599618622557206144 -946 198 326
599618622567206144 -950 197 322
599618622577206144 -957 194 321
599618622587206144 -959 190 327
599618622597206144 -962 187 334
599618622607206144 -958 182 341
599618622617206144 -961 181 355
599618622627206144 -964 182 363
599618622637206144 -966 187 363
599618622647206144 -967 193 361
599618622657206144 -966 198 359
599618622667206154 -965 204 357
599618622677074432 -962 206 357
599618622686942720 -961 208 350
599618622696811136 -961 203 344
599618622706679424 -963 201 340
599618622716547712 -965 197 338
599618622726416128 -966 199 338
599618622736284416 -967 199 336
599618622746152832 -967 199 345
599618622756021120 -965 201 347
599618622765889408 -966 202 351
599618622775757824 -971 204 350
599618622785626112 -971 201 345
599618622795494400 -968 203 324
599618622805362816 -963 200 330
599618622815231104 -954 197 350
599618622825099392 -953 196 356
599618622834967808 -963 197 344
599618622844836096 -968 199 337
599618622854704512 -965 197 343
599618622864572800 -960 194 348
599618622874441088 -959 193 352
599618622884309504 -964 194 351
599618622894177792 -965 195 355
599618622904046080 -966 195 352
599618622913914496 -968 193 351
599618622923782784 -966 190 351
599618622933651072 -966 187 354
599618622943519488 -964 189 352
599618622953387776 -966 192 350
599618622963256192 -966 194 344
599618622973124480 -964 196 346
599618622982992768 -963 196 347
599618622992861184 -961 195 345
599618623002729472 -962 194 345
599618623012597760 -959 194 344
599618623022466202 -957 194 345
599618623032331136 -959 194 347
599618623042196096 -962 195 347
599618623052061056 -963 198 348
599618623061926016 -965 197 345
599618623071790848 -962 200 346
599618623081655808 -964 198 350
599618623091520768 -964 196 353
599618623101385728 -966 198 340
599618623111250688 -965 198 338
599618623121115648 -966 194 334
599618623130980608 -967 198 340
599618623140845568 -966 197 344
599618623150710400 -966 197 343
599618623160575360 -964 198 343
599618623170440320 -961 195 349
599618623180305280 -960 197 351
599618623190170240 -963 195 350
599618623200035200 -964 194 346
599618623209900160 -966 194 342
599618623219765120 -966 194 341
599618623229629952 -967 193 341
599618623239494912 -965 193 343
599618623249359872 -966 190 344
599618623259224832 -965 192 346
599618623269089792 -963 194 343
599618623278954752 -963 195 341
599618623288819712 -963 198 342
599618623298684544 -964 196 342
599618623308549504 -962 198 344
599618623318414464 -964 194 343
599618623328279424 -966 193 346
599618623338144384 -967 194 346
599618623348009344 -966 192 347
599618623357874304 -966 195 347
599618623367739264 -963 197 342
599618623377604164 -965 195 339
599618623387473408 -963 193 341
599618623397342592 -965 194 337
599618623407211776 -966 190 343
599618623417080960 -967 190 342
599618623426950144 -966 191 343
599618623436819328 -966 194 341
599618623446688512 -964 198 338
599618623456557696 -965 201 337
599618623466426880 -963 199 340
599618623476296064 -964 195 342
599618623486165248 -965 195 341
599618623496034432 -965 192 340
599618623505903616 -963 192 342
599618623515772800 -963 195 339
599618623525641984 -967 196 342
599618623535511168 -971 198 340
599618623545380352 -969 201 335
599618623555249536 -966 197 327
599618623565118720 -958 192 342
599618623574987904 -952 187 360
599618623584857088 -962 188 349
599618623594726272 -969 192 339
599618623604595456 -970 196 326
599618623614464640 -969 197 327
599618623624333824 -965 196 332
599618623634203008 -962 199 341
599618623644072192 -962 199 349
599618623653941376 -964 199 351
599618623663810560 -963 195 351
599618623673679744 -963 193 352
599618623683548928 -961 191 351
599618623693418112 -963 192 346
599618623703287296 -966 193 342
599618623713156480 -967 193 342
599618623723025664 -965 195 340
599618623732894734 -965 197 339
599618623742767232 -964 194 345
599618623752639744 -962 193 346
599618623762512384 -962 190 349
599618623772384896 -961 193 351
599618623782257536 -963 193 345
599618623792130048 -964 196 345
599618623802002688 -963 198 340
599618623811875200 -966 197 342
599618623821747840 -964 195 339
599618623831620352 -968 193 343
599618623841492992 -964 192 347
599618623851365504 -965 192 351
599618623861238144 -963 194 351
599618623871110656 -965 193 347
599618623880983296 -967 193 336
599618623890855808 -966 196 338
599618623900728448 -966 196 345
599618623910600960 -964 197 346
599618623920473600 -965 199 349
599618623930346112 -963 200 347
599618623940218752 -963 199 346
599618623950091264 -965 196 343
599618623959963904 -967 195 341
599618623969836416 -969 189 341
599618623979708928 -967 190 341
599618623989581568 -967 192 347
599618623999454080 -965 196 349
599618624009326720 -962 195 345
599618624019199232 -963 199 345
599618624029071872 -963 201 338
599618624038944384 -964 200 341
599618624048817024 -961 202 339
599618624058689536 -961 203 341
599618624068562176 -965 201 355
599618624078434688 -969 211 344
599618624088307366 -967 226 332
599618624098176512 -970 229 331
599618624108045696 -979 226 337
599618624117914880 -983 223 345
599618624127784064 -983 221 353
599618624137653248 -978 219 362
599618624147522432 -976 214 366
599618624157391616 -979 213 362
599618624167260800 -982 222 352
599618624177129984 -983 229 341
599618624186999168 -988 232 338
599618624196868352 -995 234 341
599618624206737536 -999 238 339
599618624216606720 -997 243 332
599618624226475904 -987 246 328
599618624236345088 -979 243 327
599618624246214272 -971 239 339
599618624256083456 -966 236 356
599618624265952640 -966 234 373
599618624275821824 -972 234 373
599618624285691008 -982 232 369
599618624295560192 -999 231 360
599618624305429376 -1007 228 360
599618624315298560 -1009 223 355
599618624325167744 -1008 220 354
599618624335036928 -1004 209 359
599618624344906112 -994 200 361
599618624354775296 -981 196 350
599618624364644480 -974 192 330
599618624374513664 -962 184 323
599618624384382848 -932 172 322
599618624394252032 -918 162 328
599618624404121216 -913 151 345
599618624413990400 -914 143 349
599618624423859456 -916 133 349
599618624433728640 -917 134 338
599618624443597918 -915 134 330
599618624453464576 -911 143 329
599618624463331200 -907 132 348
599618624473197824 -906 118 367
599618624483064448 -908 109 379
599618624492931072 -914 99 385
599618624502797824 -940 91 386
599618624512664448 -967 82 384
599618624522531072 -980 81 379
599618624532397696 -989 83 374
599618624542264320 -989 85 372
599618624552130944 -982 86 378
599618624561997568 -972 84 385
599618624571864192 -966 81 390
599618624581730816 -958 80 400
599618624591597568 -947 72 412
599618624601464192 -946 61 426
599618624611330816 -943 54 437
599618624621197440 -932 50 432
599618624631064064 -957 51 426
599618624640930688 -941 50 431
599618624650797312 -917 43 439
599618624660663936 -910 36 442
599618624670530560 -912 25 444
599618624680397312 -914 10 449
599618624690263936 -913 2 452
599618624700130560 -912 -2 453
599618624709997184 -912 -1 456
599618624719863808 -912 1 463
599618624729730432 -913 1 462
599618624739597056 -912 0 464
599618624749463680 -914 3 466
599618624759330304 -917 6 463
599618624769197056 -917 11 462
599618624779063680 -917 20 461
599618624788930304 -914 27 466
599618624798796890 -912 29 474
599618624808671232 -912 23 481
599618624818545536 -915 16 484
599618624828419712 -915 12 484
599618624838294016 -911 15 484
599618624848168320 -907 25 486
599618624858042624 -904 37 489
599618624867916800 -896 46 498
599618624877791104 -885 50 519
599618624887665408 -877 57 545
599618624897539712 -877 54 574
599618624907413888 -883 54 594
599618624917288192 -890 58 603
599618624927162496 -893 58 603
599618624937036672 -892 56 600
599618624946910976 -890 58 599
599618624956785280 -881 55 601
599618624966659584 -873 46 610
599618624976533760 -863 38 615
599618624986408064 -859 35 619
599618624996282368 -859 25 618
599618625006156672 -852 14 611
599618625016030848 -846 9 607
599618625025905152 -842 6 602
599618625035779456 -840 13 604
599618625045653632 -842 10 601
599618625055527936 -839 17 596
599618625065402240 -839 10 586
599618625075276544 -841 31 591
599618625085150720 -843 34 593
599618625095025024 -848 24 588
599618625104899328 -856 31 576
599618625114773632 -864 27 568
599618625124647808 -859 6 555
599618625134522112 -860 13 571
599618625144396416 -859 -3 578
599618625154270572 -869 -12 583
599618625164138880 -876 -12 586
599618625174007168 -878 -8 569
599618625183875584 -883 -4 558
599618625193743872 -875 2 548
599618625203612160 -868 8 546
599618625213480576 -864 19 552
599618625223348864 -862 29 553
599618625233217280 -865 32 552
599618625243085568 -868 30 552
599618625252953856 -864 30 553
599618625262822272 -859 20 554
599618625272690560 -852 17 561
599618625282558848 -842 15 579
599618625292427264 -835 19 599
599618625302295552 -832 35 611
599618625312163840 -828 51 618
599618625322032256 -831 70 613
599618625331900544 -833 58 611
599618625341768960 -833 66 603
599618625351637248 -832 68 597
599618625361505536 -833 66 600
599618625371373952 -834 64 595
599618625381242240 -834 61 588
599618625391110528 -829 56 597
599618625400978944 -826 52 603
599618625410847232 -820 50 606
599618625420715520 -818 45 606
599618625430583936 -814 40 600
599618625440452224 -811 35 592
599618625450320640 -812 29 594
599618625460188928 -816 25 598
599618625470057216 -821 26 596
599618625479925632 -826 18 593
599618625489793920 -826 11 584
599618625499662208 -829 4 576
599618625509530612 -830 0 573
599618625519401472 -828 -6 584
599618625529272320 -825 -5 585
599618625539143168 -822 -9 592
599618625549014144 -818 -13 597
599618625558884992 -816 -18 602
599618625568755840 -817 -20 607
599618625578626688 -817 -21 610
599618625588497664 -816 -20 612
599618625598368512 -812 -27 614
599618625608239360 -806 -32 615
599618625618110208 -805 -36 613
599618625627981184 -807 -36 611
599618625637852032 -807 -38 608
599618625647722880 -804 -41 606
599618625657593728 -806 -36 607
599618625667464576 -809 -32 608
599618625677335552 -818 -30 605
599618625687206400 -825 -25 602
599618625697077248 -826 -26 600
599618625706948096 -828 -24 593
599618625716819072 -827 -16 595
599618625726689920 -827 -15 596
599618625736560768 -827 -13 601
599618625746431616 -829 -15 606
599618625756302592 -831 -16 608
599618625766173440 -835 -22 606
599618625776044288 -837 -23 606
599618625785915136 -836 -23 609
599618625795785984 -833 -14 607
599618625805656960 -831 -8 607
599618625815527808 -827 -6 611
599618625825398656 -822 -4 612
599618625835269504 -819 -4 617
599618625845140480 -824 -3 621
599618625855011328 -831 -4 615
599618625864882198 -846 -3 609
599618625874754688 -858 1 608
599618625884627200 -858 9 611
599618625894499840 -851 23 613
599618625904372352 -847 26 606
599618625914244992 -834 29 593
599618625924117504 -832 26 580
599618625933990144 -821 14 563
599618625943862656 -804 5 559
599618625953735296 -789 2 567
599618625963607808 -777 -1 588
599618625973480448 -772 2 601
599618625983352960 -781 4 606
599618625993225600 -785 7 607
599618626003098112 -794 6 608
599618626012970752 -804 0 615
599618626022843264 -808 -8 623
599618626032715904 -814 -9 632
599618626042588416 -832 -15 632
599618626052461056 -843 -8 630
599618626062333568 -844 -1 613
599618626072206208 -838 -2 597
599618626082078720 -832 -6 577
599618626091951360 -827 0 578
599618626101823872 -821 0 589
599618626111696512 -803 -10 598
599618626121569024 -799 -19 608
599618626131441664 -796 -25 608
599618626141314176 -799 -32 607
599618626151186688 -803 -49 601
599618626161059328 -810 -60 603
599618626170931840 -818 -69 601
599618626180804480 -826 -73 600
599618626190676992 -833 -88 604
599618626200549632 -848 -98 602
599618626210422144 -869 -110 586
599618626220294846 -893 -103 571
599618626230162304 -903 -102 560
599618626240029824 -905 -92 553
599618626249897216 -902 -102 554
599618626259764736 -903 -117 536
599618626269632256 -907 -146 511
599618626279499776 -907 -187 505
599618626289367168 -913 -192 511
599618626299234688 -919 -183 511
599618626309102208 -925 -169 500
599618626318969728 -929 -145 498
599618626328837120 -926 -134 498
599618626338704640 -920 -130 504
599618626348572160 -920 -129 517
599618626358439680 -914 -139 510
599618626368307072 -912 -144 498
599618626378174592 -908 -171 485
599618626388042112 -906 -196 463
599618626397909504 -903 -213 441
599618626407777024 -900 -232 432
599618626417644544 -890 -250 424
599618626427512064 -878 -264 432
599618626437379456 -860 -288 443
599618626447246976 -846 -299 453
599618626457114496 -842 -311 459
599618626466982016 -839 -313 462
599618626476849408 -851 -318 464
599618626486716928 -867 -325 461
599618626496584448 -883 -335 461
599618626506451968 -901 -355 458
599618626516319360 -908 -364 443
599618626526186880 -912 -384 411
599618626536054400 -907 -393 384
599618626545921792 -905 -398 372
599618626555789312 -901 -391 375
599618626565656832 -895 -375 390
599618626575524342 -889 -346 419
599618626585398656 -880 -326 443
599618626595272960 -878 -321 455
599618626605147136 -882 -318 458
599618626615021440 -881 -334 450
599618626624895744 -871 -364 445
599618626634770048 -855 -390 434
599618626644644224 -857 -411 423
599618626654518528 -865 -434 429
599618626664392832 -866 -447 437
599618626674267136 -875 -448 442
599618626684141312 -881 -451 442
599618626694015616 -874 -451 437
599618626703889920 -876 -453 426
599618626713764096 -876 -456 414
599618626723638400 -869 -452 407
599618626733512704 -870 -445 405
599618626743387008 -876 -429 406
599618626753261184 -882 -421 403
599618626763135488 -888 -415 398
599618626773009792 -888 -408 399
599618626782883968 -874 -412 412
599618626792758272 -858 -408 422
599618626802632576 -848 -410 421
599618626812506880 -849 -412 404
599618626822381056 -851 -418 388
599618626832255360 -846 -426 384
599618626842129664 -847 -428 384
599618626852003968 -844 -425 393
599618626861878144 -862 -416 396
599618626871752448 -878 -405 398
599618626881626752 -884 -402 398
599618626891500928 -886 -398 397
599618626901375232 -886 -397 395
599618626911249536 -885 -396 394
599618626921123840 -881 -398 393
599618626930998014 -877 -397 392
599618626940868864 -876 -397 401
599618626950739712 -873 -400 403
599618626960610560 -871 -401 397
599618626970481536 -869 -404 403
599618626980352384 -871 -401 419
599618626990223232 -871 -398 425
599618627000094080 -869 -393 425
599618627009965056 -870 -390 426
599618627019835904 -868 -388 428
599618627029706752 -873 -390 428
599618627039577600 -877 -387 418
599618627049448576 -879 -385 409
599618627059319424 -872 -383 405
599618627069190272 -863 -382 410
599618627079061120 -857 -381 416
599618627088931968 -861 -375 426
599618627098802944 -875 -372 422
599618627108673792 -881 -370 422
599618627118544640 -877 -369 427
599618627128415488 -860 -371 443
599618627138286464 -853 -366 443
599618627148157312 -852 -354 437
599618627158028160 -859 -340 428
599618627167899008 -867 -337 422
599618627177769984 -875 -333 414
599618627187640832 -877 -330 416
599618627197511680 -873 -323 428
599618627207382528 -868 -316 441
599618627217253376 -864 -316 451
599618627227124352 -866 -316 455
599618627236995200 -872 -321 456
599618627246866048 -876 -320 457
599618627256736896 -889 -315 450
599618627266607872 -899 -310 450
599618627276478720 -904 -298 445
599618627286349602 -905 -283 447
599618627296222080 -907 -266 451
599618627306094592 -907 -258 457
599618627315967232 -906 -269 460
599618627325839744 -906 -273 462
599618627335712384 -907 -273 456
599618627345584896 -907 -273 445
599618627355457536 -904 -272 443
599618627365330048 -904 -268 444
599618627375202688 -902 -258 444
599618627385075200 -901 -250 444
599618627394947840 -904 -244 442
599618627404820352 -909 -232 447
599618627414692992 -917 -217 443
599618627424565504 -939 -201 435
599618627434438144 -954 -181 419
599618627444310656 -959 -155 403
599618627454183296 -960 -137 400
599618627464055808 -953 -130 402
599618627473928448 -944 -125 404
599618627483800960 -941 -118 403
599618627493673600 -937 -111 406
599618627503546112 -942 -94 410
599618627513418752 -951 -84 407
599618627523291264 -963 -72 404
599618627533163904 -970 -63 410
599618627543036416 -978 -56 414
599618627552909056 -982 -47 398
599618627562781568 -987 -39 386
599618627572654080 -986 -33 382
599618627582526720 -982 -28 387
599618627592399232 -982 -26 401
599618627602271872 -986 -24 407
599618627612144384 -992 -18 402
599618627622017024 -998 -9 389
599618627631889536 -997 -5 380
599618627641762250 -993 -3 372
599618627651634048 -988 -7 363
599618627661505792 -984 -5 359
599618627671377536 -981 -7 350
599618627681249280 -978 -2 335
599618627691120896 -975 1 316
599618627700992640 -974 1 308
599618627710864384 -972 5 302
599618627720736128 -970 6 295
599618627730607872 -967 9 287
599618627740479616 -961 6 279
599618627750351360 -952 3 281
599618627760222976 -948 -3 291
599618627770094720 -954 -4 294
599618627779966464 -966 -2 296
599618627789838208 -975 -1 304
599618627799709952 -986 -1 307
599618627809581696 -994 0 307
599618627819453312 -998 1 323
599618627829325056 -1000 2 355
599618627839196800 -994 0 374
599618627849068544 -988 -2 386
599618627858940288 -981 -11 394
599618627868812032 -978 -35 391
599618627878683776 -972 -53 378
599618627888555392 -968 -62 361
599618627898427136 -961 -61 347
599618627908298880 -953 -58 354
599618627918170624 -941 -51 365
599618627928042368 -931 -38 378
599618627937914112 -922 -31 396
599618627947785856 -920 -29 415
599618627957657472 -916 -26 432
599618627967529216 -914 -16 443
599618627977400960 -919 -2 442
599618627987272704 -934 12 432
599618627997144350 -944 22 417
599618628007016064 -950 22 403
599618628016887808 -947 14 402
599618628026759552 -943 7 412
599618628036631296 -941 0 406
599618628046502912 -951 -5 395
599618628056374656 -965 -10 382
599618628066246400 -973 -13 366
599618628076118144 -988 -13 345
599618628085989888 -1003 -10 324
599618628095861632 -1016 -8 309
599618628105733376 -1021 -2 295
599618628115604992 -1028 -1 279
599618628125476736 -1024 -4 270
599618628135348480 -1017 -7 260
599618628145220224 -1015 -8 256
599618628155091968 -1010 -7 251
599618628164963712 -1006 0 246
599618628174835456 -1002 5 243
599618628184707072 -998 18 240
599618628194578816 -998 40 238
599618628204450560 -994 51 239
599618628214322304 -1000 57 234
599618628224194048 -1007 71 227
599618628234065792 -1014 74 221
599618628243937408 -1016 69 215
599618628253809152 -1016 64 198
599618628263680896 -1018 70 182
599618628273552640 -1016 69 178
599618628283424384 -1015 64 159
599618628293296128 -1020 55 173
599618628303167872 -1026 49 175
599618628313039488 -1037 51 152
599618628322911232 -1034 49 139
599618628332782976 -1031 40 133
599618628342654720 -1032 28 127
599618628352526460 -1029 11 127
599618628362398208 -1027 -3 130
599618628372269952 -1027 -6 125
599618628382141696 -1026 -6 125
599618628392013440 -1033 -5 121
599618628401885056 -1038 0 118
599618628411756800 -1036 2 113
599618628421628544 -1038 2 114
599618628431500288 -1038 4 112
599618628441372032 -1039 4 116
599618628451243776 -1037 9 124
599618628461115520 -1033 18 128
599618628470987136 -1030 32 130
599618628480858880 -1026 41 126
599618628490730624 -1024 43 120
599618628500602368 -1022 41 119
599618628510474112 -1024 30 120
599618628520345856 -1028 23 120
599618628530217600 -1036 21 120
599618628540089216 -1042 25 117
599618628549960960 -1040 28 119
599618628559832704 -1034 35 119
599618628569704448 -1035 37 127
599618628579576192 -1038 32 132
599618628589447936 -1037 26 130
599618628599319552 -1041 17 129
599618628609191296 -1039 12 135
599618628619063040 -1039 11 136
599618628628934784 -1038 12 136
599618628638806528 -1033 15 131
599618628648678272 -1025 19 150
599618628658550016 -1018 24 177
599618628668421632 -1017 24 192
599618628678293376 -1015 23 199
599618628688165120 -1015 24 201
599618628698036864 -1014 23 192
599618628707908570 -1012 31 194
599618628717777792 -1009 31 204
599618628727646976 -1009 37 209
599618628737516160 -1009 43 212
599618628747385344 -1011 42 211
599618628757254528 -1012 45 205
599618628767123712 -1013 48 205
599618628776992896 -1012 46 209
599618628786862080 -1009 41 214
599618628796731264 -1000 35 225
599618628806600448 -992 32 238
599618628816469632 -994 35 248
599618628826338816 -995 37 252
599618628836208000 -1000 38 256
599618628846077184 -998 37 257
599618628855946368 -995 36 255
599618628865815552 -987 32 255
599618628875684736 -979 30 278
599618628885553920 -969 29 297
599618628895423104 -966 28 321
599618628905292288 -966 26 335
599618628915161472 -968 27 350
599618628925030656 -974 24 364
599618628934899840 -984 24 358
599618628944769024 -997 27 351
599618628954638208 -1000 29 344
599618628964507392 -1001 28 340
599618628974376576 -991 23 351
599618628984245760 -981 19 365
599618628994114944 -972 17 376
599618629003984128 -966 21 378
599618629013853312 -956 25 381
599618629023722496 -942 36 391
599618629033591680 -933 43 399
599618629043460864 -936 47 401
599618629053330048 -945 51 393
599618629063199132 -947 54 390
599618629073070848 -945 57 391
599618629082942592 -946 59 400
599618629092814336 -946 70 406
599618629102686080 -952 88 411
599618629112557696 -957 93 406
599618629122429440 -956 99 405
599618629132301184 -953 102 405
599618629142172928 -957 101 406
599618629152044672 -960 96 404
599618629161916416 -961 91 401
599618629171788160 -962 84 402
599618629181659776 -961 77 404
599618629191531520 -961 67 405
599618629201403264 -956 67 409
599618629211275008 -949 70 411
599618629221146752 -943 75 414
599618629231018496 -938 84 415
599618629240890112 -934 89 412
599618629250761856 -930 87 411
599618629260633600 -926 88 406
599618629270505344 -925 87 404
599618629280377088 -923 93 405
599618629290248832 -926 97 406
599618629300120576 -929 100 405
599618629309992192 -932 99 404
599618629319863936 -937 101 403
599618629329735680 -945 101 397
599618629339607424 -946 99 389
599618629349479168 -954 98 390
599618629359350912 -953 99 398
599618629369222656 -959 96 396
599618629379094272 -960 94 394
599618629388966016 -956 93 397
599618629398837760 -953 89 396
599618629408709504 -951 88 395
599618629418581236 -949 86 395
599618629428451328 -942 84 394
599618629438321408 -945 84 394
599618629448191360 -944 81 392
599618629458061440 -945 76 390
599618629467931392 -949 73 391
599618629477801472 -949 70 392
599618629487671552 -951 67 395
599618629497541504 -957 72 398
599618629507411584 -957 78 398
599618629517281536 -960 82 403
599618629527151616 -962 84 406
599618629537021696 -961 88 410
599618629546891648 -962 91 411
599618629556761728 -961 94 412
599618629566631680 -962 95 413
599618629576501760 -962 95 408
599618629586371840 -961 96 398
599618629596241792 -964 95 395
599618629606111872 -963 94 389
599618629615981824 -963 91 387
599618629625851904 -961 88 385
599618629635721984 -957 86 385
599618629645591936 -954 82 387
599618629655462016 -946 78 389
599618629665331968 -952 70 390
599618629675202048 -953 67 391
599618629685072128 -954 60 387
599618629694942080 -962 69 386
599618629704812160 -966 73 389
599618629714682240 -969 76 389
599618629724552192 -969 80 382
599618629734422272 -967 84 377
599618629744292224 -963 81 384
599618629754162304 -959 80 391
599618629764032384 -960 81 395
599618629773902290 -966 86 389
599618629783774848 -969 85 383
599618629793647360 -966 88 380
599618629803520000 -964 86 384
599618629813392512 -959 90 390
599618629823265152 -960 95 391
599618629833137664 -959 96 389
599618629843010304 -958 96 388
599618629852882816 -956 91 386
599618629862755456 -956 89 388
599618629872627968 -961 85 386
599618629882500608 -964 85 388
599618629892373120 -966 83 388
599618629902245760 -966 82 389
599618629912118272 -966 81 389
599618629921990912 -965 81 386
599618629931863424 -963 84 387
599618629941736064 -963 84 387
599618629951608576 -964 83 387
599618629961481216 -960 83 385
599618629971353728 -960 81 388
599618629981226368 -960 80 387
599618629991098880 -958 79 391
599618630000971520 -957 84 387
599618630010844032 -959 82 390
599618630020716672 -959 84 388
599618630030589184 -962 86 385
599618630040461824 -961 86 391
599618630050334336 -963 83 391
599618630060206976 -967 80 388
599618630070079488 -967 81 385
599618630079952000 -964 79 389
599618630089824640 -964 82 390
599618630099697152 -960 85 391
599618630109569792 -964 80 391
599618630119442304 -963 79 391
599618630129314948 -962 78 393
599618630139185792 -965 78 395
599618630149056640 -963 82 394
599618630158927488 -962 81 392
599618630168798464 -962 80 390
599618630178669312 -959 80 388
599618630188540160 -961 75 388
599618630198411008 -960 76 388
599618630208281984 -962 79 388
599618630218152832 -964 79 387
599618630228023680 -962 83 385
599618630237894528 -963 87 385
599618630247765376 -964 85 386
599618630257636352 -963 89 387
599618630267507200 -965 84 387
599618630277378048 -965 85 386
599618630287248896 -966 82 384
599618630297119872 -966 82 385
599618630306990720 -964 82 386
599618630316861568 -962 81 386
599618630326732416 -962 77 388
599618630336603392 -961 78 388
599618630346474240 -964 74 385
599618630356345088 -963 75 388
599618630366215936 -964 74 387
599618630376086784 -965 75 386
599618630385957760 -964 77 387
599618630395828608 -964 80 389
599618630405699456 -962 82 388
599618630415570304 -962 84 389
599618630425441280 -961 83 386
599618630435312128 -964 82 385
599618630445182976 -963 84 388
599618630455053824 -967 85 389
599618630464924672 -969 84 390
599618630474795648 -970 84 384
599618630484666520 -966 83 379
599618630494539904 -964 79 380
599618630504413312 -959 77 386
599618630514286720 -952 75 393
599618630524160128 -961 74 393
599618630534033536 -966 80 388
599618630543906944 -967 82 386
599618630553780480 -967 81 382
599618630563653888 -965 84 382
599618630573527296 -964 88 388
599618630583400704 -962 90 393
599618630593274112 -961 87 390
599618630603147520 -962 87 389
599618630613020928 -964 81 389
599618630622894336 -968 80 390
599618630632767744 -971 82 397
599618630642641152 -970 84 407
599618630652514688 -970 85 417
599618630662388096 -975 91 425
599618630672261504 -977 99 427
599618630682134912 -985 104 413
599618630692008320 -985 105 407
599618630701881728 -978 105 407
599618630711755136 -973 104 416
599618630721628544 -969 101 433
599618630731501952 -970 96 443
599618630741375360 -975 97 441
599618630751248896 -979 99 424
599618630761122304 -978 96 399
599618630770995712 -975 95 385
599618630780869120 -974 89 378
599618630790742528 -974 89 375
599618630800615936 -974 85 370
599618630810489344 -979 82 361
599618630820362752 -985 80 344
599618630830236160 -989 79 330
599618630840109660 -986 78 317
599618630849984000 -980 75 312
599618630859858304 -971 70 304
599618630869732480 -963 58 311
599618630879606784 -959 53 319
599618630889481088 -963 52 323
599618630899355392 -968 47 320
599618630909229568 -973 40 318
599618630919103872 -976 39 328
599618630928978176 -980 43 341
599618630938852480 -985 46 355
599618630948726656 -986 50 362
599618630958600960 -991 52 361
599618630968475264 -993 59 356
599618630978349440 -996 67 355
599618630988223744 -993 77 352
599618630998098048 -981 75 352
599618631007972352 -964 71 357
599618631017846528 -946 68 371
599618631027720832 -931 67 389
599618631037595136 -920 76 422
599618631047469312 -917 98 440
599618631057343616 -916 109 441
599618631067217920 -916 109 439
599618631077092224 -915 103 447
599618631086966400 -911 94 454
599618631096840704 -908 93 450
599618631106715008 -903 93 444
599618631116589312 -900 88 444
599618631126463488 -904 85 452
599618631136337792 -906 94 469
599618631146212096 -909 104 482
599618631156086272 -915 108 490
599618631165960576 -918 108 490
599618631175834880 -922 105 491
599618631185709184 -923 95 493
599618631195583334 -920 85 495
599618631205456768 -912 75 496
599618631215330176 -908 64 500
599618631225203584 -905 63 493
599618631235076992 -903 69 493
599618631244950400 -897 72 493
599618631254823808 -884 83 496
599618631264697344 -873 90 503
599618631274570752 -869 95 507
599618631284444160 -855 93 512
599618631294317568 -851 97 524
599618631304190976 -856 95 539
599618631314064384 -881 101 539
599618631323937792 -895 99 529
599618631333811200 -902 94 525
599618631343684608 -901 77 523
599618631353558016 -901 69 527
599618631363431552 -897 63 543
599618631373304960 -896 59 552
599618631383178368 -899 66 556
599618631393051776 -898 68 549
599618631402925184 -899 70 543
599618631412798592 -900 74 532
599618631422672000 -902 68 526
599618631432545408 -901 71 516
599618631442418816 -897 64 506
599618631452292224 -893 60 507
599618631462165760 -886 59 509
599618631472039168 -881 58 510
599618631481912576 -877 56 510
599618631491785984 -875 61 513
599618631501659392 -871 67 519
599618631511532800 -871 67 524
599618631521406208 -873 69 528
599618631531279616 -871 71 532
599618631541153024 -875 67 539
599618631551026470 -884 64 541
599618631560902400 -889 62 545
599618631570778368 -893 59 543
599618631580654336 -892 63 534
599618631590530304 -890 67 536
599618631600406272 -887 73 537
599618631610282240 -880 74 536
599618631620158208 -869 72 541
599618631630034176 -859 67 546
599618631639910144 -858 67 550
599618631649786112 -859 72 553
599618631659662080 -863 72 558
599618631669538048 -868 75 560
599618631679414016 -878 80 553
599618631689289984 -884 85 546
599618631699165952 -884 86 546
599618631709041792 -885 91 543
599618631718917760 -887 89 542
599618631728793728 -888 90 540
599618631738669696 -892 89 538
599618631748545664 -889 85 533
599618631758421632 -887 78 529
599618631768297600 -882 81 532
599618631778173568 -877 81 536
599618631788049536 -877 81 542
599618631797925504 -881 80 545
599618631807801472 -888 79 548
599618631817677440 -895 75 546
599618631827553408 -899 71 543
599618631837429376 -902 68 537
599618631847305344 -901 66 533
599618631857181312 -899 69 529
599618631867057280 -901 72 527
599618631876933248 -898 74 526
599618631886809216 -896 75 528
599618631896685184 -894 77 528
599618631906561164 -893 79 532
599618631916436224 -895 72 531
599618631926311296 -894 72 528
599618631936186496 -894 70 527
599618631946061568 -894 72 523
599618631955936640 -895 74 520
599618631965811840 -894 78 519
599618631975686912 -892 81 525
599618631985561984 -890 85 529
599618631995437184 -889 88 530
599618632005312256 -888 86 534
599618632015187456 -885 89 537
599618632025062528 -887 94 544
599618632034937600 -890 93 540
599618632044812800 -893 93 537
599618632054687872 -886 91 537
599618632064562944 -878 87 541
599618632074438144 -872 86 549
599618632084313216 -878 83 549
599618632094188288 -879 86 549
599618632104063488 -882 89 553
599618632113938560 -886 86 549
599618632123813632 -886 86 545
599618632133688832 -885 83 544
599618632143563904 -886 81 546
599618632153438976 -878 82 545
599618632163314176 -870 82 546
599618632173189248 -863 83 551
599618632183064320 -863 89 549
599618632192939520 -868 88 550
599618632202814592 -868 89 552
599618632212689792 -873 93 548
599618632222564864 -873 88 547
599618632232439936 -872 86 547
599618632242315136 -869 87 548
599618632252190208 -866 84 549
599618632262065372 -864 85 550
599618632271942272 -867 85 549
599618632281819136 -867 87 550
599618632291695872 -876 81 554
599618632301572736 -876 81 557
599618632311449472 -878 85 552
599618632321326336 -878 87 550
599618632331203200 -875 86 552
599618632341079936 -872 90 548
599618632350956800 -872 89 547
599618632360833536 -880 89 547
599618632370710400 -882 85 541
599618632380587136 -882 84 543
599618632390464000 -879 83 545
599618632400340864 -882 84 544
599618632410217600 -882 84 543
599618632420094464 -877 83 545
599618632429971200 -875 84 543
599618632439848064 -876 83 541
599618632449724928 -876 83 545
599618632459601664 -878 84 545
599618632469478528 -881 87 543
599618632479355264 -883 83 542
599618632489232128 -882 89 540
599618632499108992 -883 88 538
599618632508985728 -881 90 537
599618632518862592 -884 90 538
599618632528739328 -882 86 536
599618632538616192 -884 89 533
599618632548492928 -885 88 530
599618632558369792 -882 86 533
599618632568246656 -880 86 534
599618632578123392 -881 84 537
599618632588000256 -878 84 536
599618632597876992 -878 85 539
599618632607753856 -879 88 541
599618632617630574 -877 87 541
599618632627502336 -878 89 547
599618632637374080 -882 92 548
599618632647245824 -879 93 549
599618632657117568 -880 94 549
599618632666989184 -880 95 547
599618632676860928 -883 95 545
599618632686732672 -881 95 545
599618632696604416 -880 96 538
599618632706476160 -878 97 540
599618632716347904 -873 96 543
599618632726219648 -872 96 543
599618632736091264 -875 93 544
599618632745963008 -876 90 542
599618632755834752 -872 90 542
599618632765706496 -873 91 546
599618632775578240 -880 94 549
599618632785449984 -886 93 544
599618632795321728 -890 95 534
599618632805193344 -886 93 534
599618632815065088 -877 91 541
599618632824936832 -874 88 545
599618632834808576 -883 85 541
599618632844680320 -889 85 533
599618632854552064 -896 85 531
599618632864423808 -895 82 527
599618632874295424 -892 85 528
599618632884167168 -888 85 535
599618632894038912 -885 87 544
599618632903910656 -879 90 549
599618632913782400 -871 91 551
599618632923654144 -867 87 557
599618632933525888 -865 92 563
599618632943397504 -870 90 570
599618632953269248 -873 91 578
599618632963140992 -877 94 581
599618632973012696 -875 94 583
599618632982889600 -868 91 589
599618632992766464 -862 91 591
599618633002643200 -855 85 591
599618633012520064 -850 79 594
599618633022396800 -841 76 591
599618633032273664 -840 74 587
599618633042150528 -837 71 590
599618633052027264 -835 64 589
599618633061904128 -834 63 592
599618633071780864 -834 66 590
599618633081657728 -836 73 591
599618633091534464 -840 83 586
599618633101411328 -841 88 581
599618633111288192 -841 87 577
599618633121164928 -841 88 566
599618633131041792 -841 82 565
599618633140918528 -843 81 562
599618633150795392 -840 84 558
599618633160672256 -838 88 562
599618633170548992 -838 93 572
599618633180425856 -839 97 582
599618633190302592 -839 97 587
599618633200179456 -841 96 598
599618633210056320 -840 90 604
599618633219933056 -840 79 609
599618633229809920 -843 75 611
599618633239686656 -841 68 614
599618633249563520 -841 62 612
599618633259440256 -839 60 614
599618633269317120 -840 57 613
599618633279193984 -837 53 612
599618633289070720 -835 50 604
599618633298947584 -831 51 598
599618633308824320 -827 53 587
599618633318701184 -823 53 585
599618633328577902 -820 61 579
599618633338453888 -822 62 580
599618633348329856 -820 70 576
599618633358205824 -823 73 574
599618633368081792 -825 68 583
599618633377957760 -829 70 585
599618633387833728 -833 65 589
599618633397709696 -838 67 594
599618633407585664 -842 71 600
599618633417461632 -845 79 606
599618633427337600 -849 85 610
599618633437213568 -850 88 613
599618633447089536 -846 88 614
599618633456965504 -845 90 614
599618633466841472 -841 87 612
599618633476717440 -837 87 610
599618633486593280 -830 86 609
599618633496469248 -825 81 605
599618633506345216 -821 77 600
599618633516221184 -817 71 593
599618633526097152 -819 70 591
599618633535973120 -823 75 588
599618633545849088 -831 78 582
599618633555725056 -835 82 574
599618633565601024 -836 83 576
599618633575476992 -834 83 577
599618633585352960 -833 75 588
599618633595228928 -837 76 599
599618633605104896 -844 80 599
599618633614980864 -852 83 599
599618633624856832 -858 84 599
599618633634732800 -860 77 598
599618633644608768 -854 77 601
599618633654484736 -847 74 604
599618633664360704 -838 71 600
599618633674236672 -833 66 603
599618633684112592 -828 66 603
599618633693985152 -827 63 601
599618633703857664 -828 58 601
599618633713730304 -829 65 596
599618633723602816 -831 68 598
599618633733475456 -832 71 599
599618633743347968 -832 77 598
599618633753220608 -832 81 598
599618633763093120 -833 83 598
599618633772965760 -833 86 598
599618633782838272 -834 90 598
599618633792710912 -837 93 600
599618633802583424 -836 93 598
599618633812456064 -834 95 601
599618633822328576 -835 90 603
599618633832201216 -832 92 602
599618633842073728 -830 96 601
599618633851946368 -831 95 600
599618633861818880 -831 94 602
599618633871691520 -831 94 603
599618633881564032 -830 95 599
599618633891436672 -829 95 599
599618633901309184 -829 98 596
599618633911181824 -828 96 598
599618633921054336 -831 96 597
599618633930926976 -831 96 598
599618633940799488 -832 93 602
599618633950672128 -833 91 602
599618633960544640 -834 86 601
599618633970417280 -835 84 603
599618633980289792 -837 86 603
599618633990162432 -838 87 602
599618634000034944 -839 89 600
599618634009907456 -836 85 597
599618634019780096 -833 84 596
599618634029652608 -831 80 593
599618634039525252 -832 81 597
599618634049396096 -831 76 601
599618634059266944 -831 77 598
599618634069137792 -833 78 599
599618634079008768 -833 84 597
599618634088879616 -833 84 597
599618634098750464 -831 82 596
599618634108621312 -832 82 599
599618634118492288 -829 83 596
599618634128363136 -830 80 597
599618634138233984 -830 79 598
599618634148104832 -833 81 599
599618634157975680 -833 81 600
599618634167846656 -835 80 600
599618634177717504 -835 86 601
599618634187588352 -836 84 598
599618634197459200 -835 87 599
599618634207330176 -834 90 595
599618634217201024 -834 89 596
599618634227071872 -834 87 595
599618634236942720 -831 89 600
599618634246813696 -832 89 603
599618634256684544 -831 91 602
599618634266555392 -829 87 600
599618634276426240 -831 87 602
599618634286297088 -835 91 603
599618634296168064 -840 91 601
599618634306038912 -842 91 594
599618634315909760 -839 85 591
599618634325780608 -836 84 589
599618634335651584 -831 77 593
599618634345522432 -829 78 602
599618634355393280 -830 84 603
599618634365264128 -834 85 601
599618634375134976 -837 87 601
599618634385005952 -838 85 595
599618634394876824 -838 86 593
599618634404755328 -834 87 595
599618634414633856 -831 86 601
599618634424512384 -830 82 602
599618634434390912 -830 81 602
599618634444269312 -828 77 599
599618634454147840 -830 77 602
599618634464026368 -833 80 597
599618634473904896 -835 77 600
599618634483783424 -837 75 598
599618634493661952 -836 79 599
599618634503540352 -832 82 599
599618634513418880 -830 80 601
599618634523297408 -828 80 602
599618634533175936 -831 80 599
599618634543054464 -831 82 601
599618634552932992 -831 81 602
599618634562811392 -833 85 602
599618634572689920 -834 88 601
599618634582568448 -836 88 597
599618634592446976 -833 92 596
599618634602325504 -832 94 595
599618634612204032 -832 91 595
599618634622082432 -831 92 596
599618634631960960 -831 90 598
599618634641839488 -832 88 599
599618634651718016 -830 84 602
599618634661596544 -830 86 602
599618634671475072 -831 83 602
599618634681353600 -832 82 602
599618634691232000 -834 79 603
599618634701110528 -833 78 603
599618634710989056 -834 80 601
599618634720867584 -833 82 601
599618634730746112 -831 86 602
599618634740624640 -832 90 600
599618634750503096 -833 88 599
599618634760379904 -834 89 597
599618634770256768 -833 87 591
599618634780133504 -832 84 596
599618634790010368 -835 81 597
599618634799887104 -834 80 596
599618634809763968 -835 79 597
599618634819640832 -833 79 596
599618634829517568 -834 84 596
599618634839394432 -832 83 598
599618634849271168 -831 84 600
599618634859148032 -831 83 600
599618634869024768 -831 85 601
599618634878901632 -832 79 603
599618634888778496 -833 81 602
599618634898655232 -833 81 598
599618634908532096 -833 81 599
599618634918408832 -831 83 597
599618634928285696 -834 81 596
599618634938162560 -831 78 597
599618634948039296 -832 80 597
599618634957916160 -834 81 597
599618634967792896 -833 83 595
599618634977669760 -833 84 596
599618634987546496 -834 89 596
599618634997423360 -833 89 599
599618635007300224 -833 90 599
599618635017176960 -834 89 600
599618635027053824 -832 88 602
599618635036930560 -829 86 601
599618635046807424 -828 83 601
599618635056684288 -832 84 605
599618635066561024 -836 87 604
599618635076437888 -840 86 597
599618635086314624 -841 83 593
599618635096191488 -833 82 587
599618635106068294 -829 76 599
599618635115947648 -827 74 602
599618635125826944 -828 82 605
599618635135706368 -832 89 602
599618635145585664 -836 83 600
599618635155465088 -840 86 593
599618635165344384 -839 85 593
599618635175223808 -836 84 597
599618635185103104 -834 88 599
599618635194982528 -832 84 599
599618635204861824 -829 81 602
599618635214741248 -828 83 600
599618635224620544 -827 82 602
599618635234499840 -832 78 596
599618635244379264 -836 81 599
599618635254258560 -838 83 601
599618635264137984 -837 86 600
599618635274017280 -835 86 601
599618635283896704 -833 87 601
599618635293776000 -831 86 599
599618635303655424 -831 83 601
599618635313534720 -830 84 602
599618635323414144 -831 84 602
599618635333293440 -832 86 601
599618635343172864 -832 83 601
599618635353052160 -833 84 601
599618635362931456 -830 85 603
599618635372810880 -831 89 605
599618635382690176 -830 83 604
599618635392569600 -830 82 604
599618635402448896 -829 84 603
599618635412328320 -830 80 601
599618635422207616 -828 79 602
599618635432087040 -829 77 603
599618635441966336 -829 79 606
599618635451845760 -829 78 606
599618635461725060 -830 77 603
599618635471602688 -832 74 607
599618635481480320 -833 73 606
599618635491357952 -834 74 606
599618635501235712 -834 76 607
599618635511113344 -832 80 606
599618635520990976 -830 80 602
599618635530868608 -829 84 603
599618635540746368 -831 82 602
599618635550624000 -831 84 603
599618635560501632 -831 83 602
599618635570379264 -832 84 602
599618635580256896 -833 85 603
599618635590134656 -834 85 602
599618635600012288 -831 85 599
599618635609889920 -832 83 600
599618635619767552 -830 83 601
599618635629645184 -831 83 604
599618635639522944 -830 84 601
599618635649400576 -829 86 602
599618635659278208 -831 84 605
599618635669155840 -831 87 604
599618635679033600 -830 85 605
599618635688911232 -829 85 604
599618635698788864 -830 89 603
599618635708666496 -828 88 604
599618635718544128 -829 87 604
599618635728421888 -828 88 607
599618635738299520 -831 85 605
599618635748177152 -830 85 605
599618635758054784 -830 86 606
599618635767932544 -830 87 606
599618635777810176 -832 87 604
599618635787687808 -832 90 601
599618635797565440 -831 90 603
599618635807443072 -830 89 601
599618635817320812 -830 89 600
599618635827199360 -831 84 601
599618635837077888 -827 80 603
599618635846956416 -827 83 605
599618635856834944 -828 85 608
599618635866713344 -832 84 607
599618635876591872 -834 84 601
599618635886470400 -833 81 599
599618635896348928 -829 77 604
599618635906227456 -825 76 607
599618635916105984 -826 78 609
599618635925984384 -827 83 609
599618635935862912 -830 90 605
599618635945741440 -833 87 603
599618635955619968 -832 86 601
599618635965498496 -831 81 600
599618635975377024 -830 83 607
599618635985255424 -829 83 606
599618635995133952 -827 81 608
599618636005012480 -826 84 605
599618636014891008 -824 87 605
599618636024769536 -830 88 605
599618636034648064 -832 90 603
599618636044526464 -833 81 603
599618636054404992 -832 87 600
599618636064283520 -828 82 602
599618636074162048 -826 81 604
599618636084040576 -824 82 606
599618636093919104 -824 83 608
599618636103797504 -825 84 608
599618636113676032 -825 84 607
599618636123554560 -826 83 608
599618636133433088 -827 84 610
599618636143311616 -826 84 608
599618636153190144 -824 86 607
599618636163068672 -825 90 608
599618636172947076 -825 92 609
599618636182824704 -825 91 600
599618636192702336 -825 87 602
599618636202579968 -827 84 601
599618636212457728 -826 85 600
599618636222335360 -828 84 601
599618636232212992 -827 83 600
599618636242090624 -827 84 601
599618636251968256 -826 84 601
599618636261846016 -826 83 606
599618636271723648 -826 85 608
599618636281601280 -827 87 609
599618636291478912 -829 87 608
599618636301356672 -829 89 608
599618636311234304 -829 85 609
599618636321111936 -827 84 608
599618636330989568 -828 85 608
599618636340867200 -827 85 606
599618636350744960 -826 85 605
599618636360622592 -827 82 608
599618636370500224 -828 86 607
599618636380377856 -828 85 604
599618636390255488 -827 84 606
599618636400133248 -827 85 605
599618636410010880 -827 84 606
599618636419888512 -828 87 607
599618636429766144 -828 87 607
599618636439643776 -828 87 606
599618636449521536 -828 85 606
599618636459399168 -826 85 607
599618636469276800 -827 89 607
599618636479154432 -826 90 604
599618636489032192 -828 87 606
599618636498909824 -827 84 606
599618636508787456 -826 84 607
599618636518665088 -827 84 605
599618636528542802 -828 83 606
599618636538423936 -827 86 608
599618636548305024 -827 86 608
599618636558185984 -828 87 607
599618636568067072 -827 89 608
599618636577948160 -829 86 607
599618636587829248 -827 86 608
599618636597710208 -828 86 606
599618636607591296 -826 85 607
599618636617472384 -829 87 609
599618636627353344 -831 87 610
599618636637234432 -834 85 604
599618636647115520 -833 83 600
599618636656996480 -829 84 595
599618636666877568 -822 79 601
599618636676758656 -821 79 606
599618636686639744 -821 78 609
599618636696520704 -827 85 608
599618636706401792 -831 87 605
599618636716282880 -832 89 602
599618636726163840 -832 85 602
599618636736044928 -830 82 604
599618636745926016 -828 85 607
599618636755807104 -827 84 609
599618636765688064 -824 84 608
599618636775569152 -822 83 610
599618636785450240 -825 83 606
599618636795331200 -827 85 607
599618636805212288 -831 86 605
599618636815093376 -830 88 604
599618636824974336 -832 86 606
599618636834855424 -830 88 606
599618636844736512 -827 89 605
599618636854617600 -825 88 605
599618636864498560 -824 83 607
599618636874379648 -824 85 609
599618636884260614 -827 87 608
599618636894139904 -829 86 608
599618636904019200 -829 88 609
599618636913898624 -829 83 608
599618636923777920 -828 83 608
599618636933657344 -827 85 606
599618636943536640 -825 86 608
599618636953416064 -826 85 608
599618636963295360 -826 82 605
599618636973174784 -827 85 606
599618636983054080 -828 80 605
599618636992933504 -828 81 603
599618637002812800 -828 79 604
599618637012692096 -829 79 605
599618637022571520 -827 82 606
599618637032450816 -827 80 606
599618637042330240 -828 80 607
599618637052209536 -827 81 608
599618637062088960 -827 82 610
599618637071968256 -827 83 609
599618637081847680 -828 85 610
599618637091726976 -829 84 609
599618637101606400 -829 84 606
599618637111485696 -829 86 604
599618637121364992 -829 85 605
599618637131244416 -830 83 605
599618637141123712 -830 85 606
599618637151003136 -831 87 603
599618637160882432 -830 87 604
599618637170761856 -830 86 603
599618637180641152 -829 86 603
599618637190520576 -829 85 604
599618637200399872 -829 86 603
599618637210279296 -829 83 605
599618637220158592 -828 84 605
599618637230037888 -826 84 604
599618637239917366 -828 85 605
599618637249793280 -829 83 605
599618637259669248 -829 87 606
599618637269545216 -828 81 608
599618637279421184 -830 82 606
599618637289297152 -830 85 608
599618637299173120 -831 82 605
599618637309049088 -830 81 606
599618637318925056 -830 81 607
599618637328801024 -829 82 606
599618637338676992 -829 84 605
599618637348552960 -830 88 605
599618637358428928 -831 90 603
599618637368304896 -831 87 601
599618637378180864 -831 90 602
599618637388056832 -830 91 602
599618637397932800 -829 83 604
599618637407808640 -827 83 604
599618637417684608 -826 83 606
599618637427560576 -832 86 607
599618637437436544 -835 90 605
599618637447312512 -837 86 598
599618637457188480 -833 87 596
599618637467064448 -830 79 600
599618637476940416 -824 71 605
599618637486816384 -823 75 610
599618637496692352 -828 81 608
599618637506568320 -831 88 606
599618637516444288 -835 86 602
599618637526320256 -836 84 596
599618637536196224 -833 87 600
599618637546072192 -832 85 602
599618637555948160 -831 87 605
599618637565824128 -828 84 604
599618637575700096 -824 84 605
599618637585576064 -824 83 602
599618637595452062 -828 85 599
599618637605322880 -830 82 602
599618637615193728 -833 83 601
599618637625064576 -833 86 600
599618637634935552 -831 82 604
599618637644806400 -830 81 601
599618637654677248 -829 82 605
599618637664548096 -829 81 604
599618637674419072 -828 83 606
599618637684289920 -830 83 605
599618637694160768 -831 83 609
599618637704031616 -831 87 608
599618637713902592 -831 85 604
599618637723773440 -831 82 605
599618637733644288 -829 84 604
599618637743515136 -829 82 606
599618637753386112 -829 85 606
599618637763256960 -828 82 606
599618637773127808 -829 83 603
599618637782998656 -830 84 603
599618637792869504 -829 84 601
599618637802740480 -827 85 604
599618637812611328 -828 88 603
599618637822482176 -830 86 599
599618637832353024 -831 85 600
599618637842224000 -830 78 603
599618637852094848 -829 80 605
599618637861965696 -831 79 606
599618637871836544 -831 82 605
599618637881707520 -832 85 604
599618637891578368 -832 87 601
599618637901449216 -832 83 603
599618637911320064 -831 87 601
599618637921190912 -830 85 601
599618637931061888 -830 84 601
599618637940932736 -830 86 603
599618637950803666 -831 88 603
599618637960678016 -830 84 605
599618637970552320 -831 88 603
599618637980426496 -831 86 600
599618637990300800 -831 84 600
599618638000175104 -833 84 599
599618638010049408 -833 84 600
599618638019923584 -833 85 599
599618638029797888 -832 85 601
599618638039672192 -832 86 601
599618638049546496 -831 88 603
599618638059420672 -830 87 602
599618638069294976 -831 86 602
599618638079169280 -834 84 602
599618638089043456 -833 86 598
599618638098917760 -834 86 597
599618638108792064 -833 85 599
599618638118666368 -832 81 595
599618638128540544 -832 77 597
599618638138414848 -831 74 596
599618638148289152 -830 74 594
599618638158163328 -829 70 595
599618638168037632 -829 64 593
599618638177911936 -830 64 593
599618638187786240 -832 64 587
599618638197660416 -834 60 589
599618638207534720 -834 63 600
599618638217409024 -832 92 620
599618638227283328 -830 113 650
599618638237157504 -826 139 661
599618638247031808 -822 147 653
599618638256906112 -821 125 621
599618638266780288 -824 103 572
599618638276654592 -828 72 525
599618638286528896 -829 45 511
599618638296403200 -830 28 506
599618638306277334 -828 24 519
599618638316157568 -829 30 541
599618638326037760 -831 34 561
599618638335917952 -838 47 579
599618638345798144 -847 53 596
599618638355678336 -851 59 609
599618638365558528 -853 64 615
599618638375438720 -857 72 627
599618638385319040 -858 78 637
599618638395199232 -854 85 639
599618638405079424 -845 93 638
599618638414959616 -835 100 629
599618638424839808 -831 104 619
599618638434720000 -826 106 611
599618638444600192 -821 108 603
599618638454480384 -820 108 594
599618638464360576 -820 110 587
599618638474240768 -826 110 580
599618638484120960 -834 112 578
599618638494001152 -843 112 576
599618638503881472 -850 114 580
599618638513761664 -849 116 591
599618638523641856 -850 115 599
599618638533522048 -844 115 602
599618638543402240 -839 118 601
599618638553282432 -834 116 597
599618638563162624 -832 113 598
599618638573042816 -828 110 597
599618638582923008 -827 108 599
599618638592803200 -828 104 601
599618638602683392 -828 102 604
599618638612563584 -830 98 604
599618638622443904 -833 91 602
599618638632324096 -835 91 604
599618638642204288 -836 89 605
599618638652084480 -840 87 605
599618638661964622 -841 81 603
599618638671844864 -843 73 605
599618638681725056 -837 63 607
599618638691605248 -836 59 608
599618638701485440 -834 57 609
599618638711365632 -829 57 610
599618638721245824 -828 61 607
599618638731126016 -824 65 609
599618638741006336 -821 68 608
599618638750886528 -821 76 606
599618638760766720 -820 82 607
599618638770646912 -824 90 608
599618638780527104 -828 98 609
599618638790407296 -834 100 609
599618638800287488 -842 98 603
599618638810167680 -849 93 594
599618638820047872 -852 89 588
599618638829928064 -850 86 585
599618638839808256 -844 87 583
599618638849688448 -838 90 584
599618638859568768 -830 93 594
599618638869448960 -827 97 601
599618638879329152 -824 105 605
599618638889209344 -822 109 611
599618638899089536 -824 111 613
599618638908969728 -826 113 614
599618638918849920 -827 114 611
599618638928730112 -826 114 610
599618638938610304 -826 112 608
599618638948490496 -826 110 607
599618638958370688 -825 107 610
599618638968250880 -825 106 609
599618638978131200 -825 103 608
599618638988011392 -826 103 606
599618638997891584 -827 103 603
599618639007771776 -830 102 600
599618639017651912 -833 101 593
599618639027533056 -834 100 593
599618639037414144 -835 100 598
599618639047295104 -836 97 600
599618639057176192 -833 96 600
599618639067057280 -832 91 602
599618639076938368 -832 93 603
599618639086819328 -833 93 607
599618639096700416 -834 93 609
599618639106581504 -835 93 611
599618639116462464 -832 87 609
599618639126343552 -833 84 604
599618639136224640 -829 76 607
599618639146105600 -826 73 611
599618639155986688 -825 65 611
599618639165867776 -827 70 609
599618639175748864 -827 76 608
599618639185629824 -827 73 605
599618639195510912 -828 73 601
599618639205392000 -824 77 603
599618639215272960 -821 79 607
599618639225154048 -817 81 608
599618639235035136 -820 80 610
599618639244916224 -821 87 610
599618639254797184 -825 88 607
599618639264678272 -829 91 606
599618639274559360 -832 92 605
599618639284440320 -833 90 608
599618639294321408 -831 92 605
599618639304202496 -828 94 607
599618639314083584 -826 93 609
599618639323964544 -822 94 611
599618639333845632 -819 96 611
599618639343726720 -818 98 611
599618639353607680 -818 101 612
599618639363488768 -821 101 610
599618639373369730 -824 103 609
599618639383249024 -825 102 612
599618639393128320 -826 104 607
599618639403007744 -824 105 608
599618639412887040 -825 105 610
599618639422766464 -826 104 610
599618639432645760 -824 105 611
599618639442525184 -828 105 606
599618639452404480 -829 105 606
599618639462283904 -826 103 608
599618639472163200 -826 103 608
599618639482042624 -823 103 608
599618639491921920 -822 100 610
599618639501801216 -824 97 611
599618639511680640 -823 98 612
599618639521559936 -823 97 612
599618639531439360 -823 97 613
599618639541318656 -824 96 611
599618639551198080 -824 95 611
599618639561077376 -823 96 609
599618639570956800 -824 97 607
599618639580836096 -824 99 609
599618639590715520 -825 101 609
599618639600594816 -824 98 609
599618639610474112 -826 98 610
599618639620353536 -825 99 608
599618639630232832 -824 98 608
599618639640112256 -824 96 608
599618639649991552 -822 97 609
599618639659870976 -822 97 610
599618639669750272 -824 98 609
599618639679629696 -824 98 610
599618639689508992 -825 101 611
599618639699388416 -823 101 610
599618639709267712 -825 102 611
599618639719147008 -823 101 610
599618639729026482 -822 99 610
599618639738902400 -824 97 607
599618639748778368 -825 100 610
599618639758654336 -823 99 609
599618639768530304 -824 98 608
599618639778406272 -823 100 609
599618639788282240 -824 100 608
599618639798158208 -823 101 608
599618639808034176 -823 100 608
599618639817910144 -822 101 607
599618639827786112 -825 100 606
599618639837662080 -825 100 606
599618639847538048 -824 101 608
599618639857414016 -824 100 608
599618639867289984 -824 100 605
599618639877165952 -823 97 605
599618639887041920 -824 98 606
599618639896917760 -824 99 609
599618639906793728 -827 100 611
599618639916669696 -828 98 607
599618639926545664 -829 97 605
599618639936421632 -828 97 605
599618639946297600 -823 96 610
599618639956173568 -818 96 613
599618639966049536 -817 97 614
599618639975925504 -822 96 614
599618639985801472 -828 98 609
599618639995677440 -829 98 605
599618640005553408 -826 93 607
599618640015429376 -824 94 609
599618640025305344 -821 96 613
599618640035181312 -820 95 614
599618640045057280 -819 98 614
599618640054933248 -819 98 612
599618640064809216 -821 97 612
599618640074685184 -825 100 611
599618640084561178 -829 101 610
599618640094435456 -827 99 607
599618640104309760 -827 99 609
599618640114183936 -825 100 609
599618640124058240 -821 101 611
599618640133932544 -821 101 611
599618640143806848 -821 100 613
599618640153681024 -822 97 611
599618640163555328 -822 99 614
599618640173429632 -825 99 614
599618640183303936 -824 99 615
599618640193178112 -824 98 613
599618640203052416 -822 97 612
599618640212926720 -820 98 612
599618640222800896 -820 100 613
599618640232675200 -819 98 613
599618640242549504 -818 95 613
599618640252423808 -821 99 611
599618640262297984 -823 96 611
599618640272172288 -824 96 612
599618640282046592 -825 95 611
599618640291920896 -824 96 610
599618640301795072 -823 92 610
599618640311669376 -821 95 612
599618640321543680 -823 91 612
599618640331417856 -822 94 613
599618640341292160 -824 93 613
599618640351166464 -825 96 613
599618640361040768 -825 94 613
599618640370914944 -824 92 612
599618640380789248 -824 94 610
599618640390663552 -823 94 609
599618640400537728 -823 91 610
599618640410412032 -823 93 614
599618640420286336 -822 94 612
599618640430160640 -823 91 614
599618640440034858 -823 96 612
599618640449909888 -821 97 611
599618640459784960 -821 97 611
599618640469660160 -821 99 612
599618640479535232 -824 98 611
599618640489410304 -824 100 611
599618640499285504 -825 101 611
599618640509160576 -825 101 613
599618640519035648 -824 100 611
599618640528910848 -822 101 610
599618640538785920 -822 99 612
599618640548660992 -821 97 613
599618640558536192 -821 97 612
599618640568411264 -821 97 611
599618640578286464 -823 99 611
599618640588161536 -822 99 611
599618640598036608 -823 97 613
599618640607911808 -824 97 612
599618640617786880 -826 101 611
599618640627661952 -825 97 610
599618640637537152 -827 99 609
599618640647412224 -827 100 610
599618640657287296 -826 99 610
599618640667162496 -825 98 610
599618640677037568 -824 97 609
599618640686912640 -824 96 609
599618640696787840 -821 94 609
599618640706662912 -824 93 610
599618640716537984 -827 95 612
599618640726413184 -828 94 609
599618640736288256 -829 97 607
599618640746163328 -828 96 603
599618640756038528 -824 93 604
599618640765913600 -821 91 608
599618640775788672 -818 90 613
599618640785663872 -822 93 614
599618640795539050 -824 98 613
599618640805410816 -829 96 611
599618640815282560 -829 94 610
599618640825154304 -828 96 606
599618640835026048 -830 96 607
599618640844897664 -825 97 610
599618640854769408 -823 98 610
599618640864641152 -819 97 610
599618640874512896 -820 96 610
599618640884384640 -822 93 611
599618640894256384 -825 96 609
599618640904128128 -827 94 610
599618640913999744 -829 97 611
599618640923871488 -827 97 610
599618640933743232 -827 99 610
599618640943614976 -825 97 611
599618640953486720 -824 97 609
599618640963358464 -824 96 609
599618640973230080 -822 94 611
599618640983101824 -824 93 610
599618640992973568 -824 92 611
599618641002845312 -825 94 613
599618641012717056 -825 96 611
599618641022588800 -824 96 612
599618641032460544 -825 99 613
599618641042332160 -825 98 610
599618641052203904 -824 97 611
599618641062075648 -824 97 612
599618641071947392 -824 96 611
599618641081819136 -826 95 610
599618641091690880 -827 94 609
599618641101562624 -826 95 610
599618641111434240 -827 93 609
599618641121305984 -826 95 607
599618641131177728 -826 94 607
599618641141049472 -826 94 610
599618641150921156 -827 90 609
599618641160795520 -824 91 611
599618641170669824 -826 91 612
599618641180544000 -828 91 612
599618641190418304 -827 94 609
599618641200292608 -826 96 609
599618641210166912 -828 97 610
599618641220041088 -826 97 607
599618641229915392 -825 96 610
599618641239789696 -825 96 609
599618641249663872 -826 93 608
599618641259538176 -826 96 609
599618641269412480 -826 100 609
599618641279286784 -823 98 608
599618641289160960 -824 98 607
599618641299035264 -827 98 608
599618641308909568 -825 98 608
599618641318783872 -829 95 608
599618641328658048 -828 97 607
599618641338532352 -829 95 607
599618641348406656 -828 96 607
599618641358280832 -829 93 607
599618641368155136 -828 93 606
599618641378029440 -826 93 608
599618641387903744 -826 92 607
599618641397777920 -827 94 607
599618641407652224 -826 98 609
599618641417526528 -827 96 608
599618641427400704 -827 99 608
599618641437275008 -826 97 607
599618641447149312 -827 95 609
599618641457023616 -829 96 607
599618641466897792 -827 96 607
599618641476772096 -828 94 608
599618641486646400 -828 93 610
599618641496520704 -828 95 607
599618641506394814 -827 94 608
599618641516270720 -830 96 608
599618641526146688 -829 98 606
599618641536022656 -827 94 608
599618641545898624 -827 95 605
599618641555774592 -826 97 608
599618641565650560 -824 95 607
599618641575526528 -826 93 608
599618641585402496 -827 95 609
599618641595278464 -829 95 611
599618641605154432 -832 99 610
599618641615030400 -833 95 609
599618641624906368 -829 91 607
599618641634782336 -826 91 603
599618641644658304 -825 88 609
599618641654534272 -822 87 613
599618641664410112 -824 93 611
599618641674286080 -827 98 608
599618641684162048 -831 98 606
599618641694038016 -834 98 603
599618641703913984 -834 99 602
599618641713789952 -831 98 606
599618641723665920 -828 99 607
599618641733541888 -826 99 607
599618641743417856 -824 97 608
599618641753293824 -825 97 606
599618641763169792 -826 96 606
599618641773045760 -830 93 607
599618641782921728 -832 93 607
599618641792797696 -830 96 605
599618641802673664 -831 96 607
599618641812549632 -828 97 604
599618641822425600 -825 97 606
599618641832301568 -825 95 607
599618641842177536 -824 95 609
599618641852053504 -824 94 609
599618641861929498 -826 93 610
599618641871805440 -829 96 609
599618641881681408 -829 99 609
599618641891557376 -829 99 610
599618641901433344 -827 99 609
599618641911309312 -827 99 608
599618641921185280 -826 98 609
599618641931061248 -825 96 608
599618641940937216 -825 93 607
599618641950813184 -825 89 611
599618641960689152 -826 91 609
599618641970565120 -827 92 607
599618641980441088 -826 92 608
599618641990317056 -825 94 609
599618642000193024 -825 96 607
599618642010068992 -826 95 605
599618642019944960 -826 96 605
599618642029820800 -828 94 607
599618642039696768 -827 94 607
599618642049572736 -828 96 610
599618642059448704 -830 97 608
599618642069324672 -828 98 610
599618642079200640 -828 97 609
599618642089076608 -829 98 606
599618642098952576 -828 97 607
599618642108828544 -827 93 605
599618642118704512 -828 93 605
599618642128580480 -829 93 606
599618642138456448 -829 94 607
599618642148332416 -826 97 606
599618642158208384 -826 97 606
599618642168084352 -825 96 602
599618642177960320 -826 99 605
599618642187836288 -825 98 605
599618642197712256 -827 98 607
599618642207588224 -828 100 608
599618642217464198 -831 98 606
599618642227340160 -831 97 607
599618642237216128 -831 100 605
599618642247092096 -830 100 604
599618642256968064 -828 100 609
599618642266844032 -827 100 606
599618642276720000 -827 99 608
599618642286595968 -825 98 606
599618642296471936 -825 99 609
599618642306347904 -826 98 608
599618642316223872 -827 99 609
599618642326099840 -826 100 608
599618642335975808 -826 99 606
599618642345851776 -828 95 607
599618642355727744 -826 96 607
599618642365603712 -827 94 607
599618642375479680 -827 96 606
599618642385355520 -828 95 606
599618642395231488 -830 97 605
599618642405107456 -830 97 605
599618642414983424 -830 98 604
599618642424859392 -830 98 603
599618642434735360 -829 96 608
599618642444611328 -829 96 608
599618642454487296 -827 89 608
599618642464363264 -827 90 608
599618642474239232 -827 90 606
599618642484115200 -827 94 606
599618642493991168 -829 95 608
599618642503867136 -831 94 606
599618642513743104 -830 94 605
599618642523619072 -830 91 603
599618642533495040 -828 86 600
599618642543371008 -822 84 610
599618642553246976 -822 87 613
599618642563122944 -826 90 613
599618642572998898 -829 96 609
599618642582874880 -832 95 608
599618642592750848 -831 95 603
599618642602626816 -830 97 602
599618642612502784 -829 93 604
599618642622378752 -826 97 605
599618642632254720 -823 97 607
599618642642130688 -820 95 608
599618642652006656 -820 93 609
599618642661882624 -823 93 609
599618642671758592 -826 95 607
599618642681634560 -829 97 606
599618642691510528 -829 97 603
599618642701386496 -828 99 606
599618642711262464 -826 98 605
599618642721138432 -823 95 609
599618642731014400 -823 94 613
599618642740890240 -824 95 615
599618642750766208 -824 95 616
599618642760642176 -826 93 613
599618642770518144 -825 93 611
599618642780394112 -826 95 610
599618642790270080 -824 90 611
599618642800146048 -824 96 609
599618642810022016 -823 96 610
599618642819897984 -823 97 609
599618642829773952 -823 99 609
599618642839649920 -824 97 611
599618642849525888 -825 97 610
599618642859401856 -827 93 608
599618642869277824 -827 92 606
599618642879153792 -825 91 609
599618642889029760 -826 93 609
599618642898905728 -824 94 609
599618642908781696 -824 89 609
599618642918657664 -824 90 610
599618642928533598 -825 89 611
599618642938409600 -826 91 611
599618642948285568 -826 91 612
599618642958161536 -825 92 614
599618642968037504 -824 92 614
599618642977913472 -826 92 612
599618642987789440 -823 90 610
599618642997665408 -823 92 611
599618643007541376 -820 90 612
599618643017417344 -824 91 610
599618643027293312 -823 94 611
599618643037169280 -826 93 611
599618643047045248 -823 95 611
599618643056921216 -824 95 609
599618643066797184 -824 94 610
599618643076673152 -824 94 610
599618643086549120 -825 94 609
599618643096424960 -825 91 611
599618643106300928 -825 92 610
599618643116176896 -826 94 611
599618643126052864 -824 96 611
599618643135928832 -823 94 609
599618643145804800 -824 93 611
599618643155680768 -822 94 610
599618643165556736 -822 96 610
599618643175432704 -823 95 609
599618643185308672 -823 92 611
599618643195184640 -821 94 611
599618643205060608 -822 94 611
599618643214936576 -820 91 610
599618643224812544 -823 92 611
599618643234688512 -825 95 613
599618643244564480 -826 93 611
599618643254440448 -823 94 611
599618643264316416 -825 93 611
599618643274192384 -825 94 610
599618643284068298 -824 96 612
599618643293943424 -823 97 614
599618643303818496 -823 94 611
599618643313693696 -823 97 612
599618643323568768 -822 96 611
599618643333443840 -824 92 611
599618643343319040 -824 92 611
599618643353194112 -825 90 615
599618643363069184 -829 91 612
599618643372944384 -828 93 611
599618643382819456 -826 94 607
599618643392694656 -828 89 605
599618643402569728 -824 85 606
599618643412444800 -818 89 609
599618643422320000 -818 92 612
599618643432195072 -822 92 611
599618643442070144 -825 94 609
599618643451945344 -824 92 604
599618643461820416 -823 88 609
599618643471695488 -822 87 614
599618643481570688 -824 92 616
599618643491445760 -821 91 615
599618643501320832 -819 93 614
599618643511196032 -819 93 613
599618643521071104 -821 92 612
599618643530946176 -824 95 611
599618643540821376 -826 94 610
599618643550696448 -826 92 609
599618643560571520 -825 93 610
599618643570446720 -823 96 612
599618643580321792 -820 97 614
599618643590196992 -819 95 611
599618643600072064 -819 96 613
599618643609947136 -820 94 613
599618643619822336 -820 94 613
599618643629697408 -820 96 613
599618643639572506 -821 95 614
599618643649449344 -820 93 612
599618643659326208 -816 91 611
599618643669202944 -817 95 614
599618643679079808 -817 97 613
599618643688956544 -819 97 609
599618643698833408 -819 96 609
599618643708710272 -821 95 608
599618643718587008 -824 96 608
599618643728463872 -824 94 611
599618643738340608 -823 96 611
599618643748217472 -822 92 611
599618643758094208 -821 91 613
599618643767971072 -820 91 614
599618643777847936 -820 87 617
599618643787724672 -822 89 617
599618643797601536 -823 93 615
599618643807478272 -823 91 615
599618643817355136 -823 93 614
599618643827232000 -823 89 613
599618643837108736 -821 90 614
599618643846985600 -821 90 612
599618643856862336 -820 92 612
599618643866739200 -817 92 613
599618643876616064 -817 92 612
599618643886492800 -819 90 611
599618643896369664 -821 88 613
599618643906246400 -819 88 611
599618643916123264 -824 90 611
599618643926000000 -825 89 610
599618643935876864 -825 88 614
599618643945753728 -822 92 613
599618643955630464 -826 94 613
599618643965507328 -822 92 613
599618643975384064 -823 89 614
599618643985260928 -822 92 612
599618643995137708 -820 91 612
599618644005008512 -820 91 614
599618644014879360 -818 91 612
599618644024750208 -817 89 614
599618644034621184 -818 93 614
599618644044492032 -819 94 611
599618644054362880 -820 96 612
599618644064233728 -822 95 613
599618644074104704 -823 99 611
599618644083975552 -821 98 610
599618644093846400 -821 98 611
599618644103717248 -820 97 612
599618644113588224 -820 97 611
599618644123459072 -821 96 611
599618644133329920 -819 94 613
599618644143200768 -821 94 613
599618644153071616 -824 96 615
599618644162942592 -827 95 613
599618644172813440 -829 97 610
599618644182684288 -830 95 608
599618644192555136 -828 92 605
599618644202426112 -825 90 609
599618644212296960 -821 87 613
599618644222167808 -822 89 618
599618644232038656 -825 94 616
599618644241909632 -828 93 612
599618644251780480 -827 91 607
599618644261651328 -826 90 609
599618644271522176 -824 88 610
599618644281393024 -821 92 615
599618644291264000 -818 92 614
599618644301134848 -817 93 613
599618644311005696 -816 95 613
599618644320876544 -820 94 612
599618644330747520 -822 94 612
599618644340618368 -824 91 614
599618644350489302 -824 89 614
599618644360364416 -823 86 615
599618644370239488 -823 88 615
599618644380114688 -821 87 615
599618644389989760 -819 86 614
599618644399864832 -818 87 615
599618644409740032 -817 89 614
599618644419615104 -818 88 613
599618644429490176 -819 89 614
599618644439365376 -819 86 616
599618644449240448 -821 87 616
599618644459115520 -823 87 614
599618644468990720 -821 88 613
599618644478865792 -821 89 611
599618644488740992 -818 91 607
599618644498616064 -816 88 606
599618644508491136 -811 82 609
599618644518366336 -808 82 607
599618644528241408 -803 79 614
599618644538116480 -806 85 619
599618644547991680 -809 91 619
599618644557866752 -818 97 617
599618644567741824 -823 99 616
599618644577617024 -825 99 614
599618644587492096 -826 99 613
599618644597367168 -828 97 616
599618644607242368 -829 99 617
599618644617117440 -835 97 614
599618644626992512 -839 97 616
599618644636867712 -843 98 613
599618644646742784 -847 98 611
599618644656617856 -841 97 608
599618644666493056 -836 98 609
599618644676368128 -834 98 610
599618644686243200 -829 98 611
599618644696118400 -828 97 610
599618644705993498 -828 97 613
599618644715872000 -828 95 615
599618644725750528 -829 97 617
599618644735629056 -829 99 616
599618644745507584 -830 95 619
599618644755385984 -831 96 619
599618644765264512 -828 97 619
599618644775143040 -827 95 622
599618644785021568 -821 95 622
599618644794900096 -819 90 622
599618644804778624 -817 86 619
599618644814657024 -812 82 618
599618644824535552 -810 80 616
599618644834414080 -806 80 617
599618644844292608 -800 78 616
599618644854171136 -800 79 616
599618644864049664 -799 79 615
599618644873928064 -799 80 613
599618644883806592 -803 81 612
599618644893685120 -805 78 610
599618644903563648 -810 83 611
599618644913442176 -815 81 608
599618644923320704 -816 79 611
599618644933199104 -816 79 611
599618644943077632 -818 82 611
599618644952956160 -816 78 612
599618644962834688 -813 74 612
599618644972713216 -812 71 612
599618644982591744 -815 69 614
599618644992470144 -815 74 615
599618645002348672 -819 73 615
599618645012227200 -821 73 611
599618645022105728 -816 70 608
599618645031984256 -812 63 610
599618645041862784 -807 61 615
599618645051741184 -806 65 620
599618645061619756 -813 69 620
599618645071491456 -822 70 615
599618645081363200 -825 77 615
599618645091234944 -826 78 610
599618645101106688 -826 73 610
599618645110978304 -827 74 612
599618645120850048 -824 73 615
599618645130721792 -821 73 617
599618645140593536 -817 77 614
599618645150465280 -816 75 614
599618645160337024 -818 78 614
599618645170208768 -824 81 613
599618645180080384 -826 86 612
599618645189952128 -825 84 612
599618645199823872 -822 84 614
599618645209695616 -819 85 614
599618645219567360 -817 85 616
599618645229439104 -815 85 616
599618645239310720 -818 87 616
599618645249182464 -819 90 616
599618645259054208 -819 90 617
599618645268925952 -821 86 615
599618645278797696 -821 85 614
599618645288669440 -820 83 615
599618645298541184 -820 81 612
599618645308412800 -820 79 613
599618645318284544 -820 84 612
599618645328156288 -822 87 612
599618645338028032 -823 86 615
599618645347899776 -821 89 615
599618645357771520 -820 88 613
599618645367643264 -822 86 613
599618645377514880 -819 84 614
599618645387386624 -821 86 613
599618645397258368 -823 82 611
599618645407130112 -822 80 613
599618645417001858 -820 76 613
599618645426875264 -821 75 615
599618645436748672 -821 74 618
599618645446622080 -823 71 616
599618645456495488 -821 74 615
599618645466368896 -820 78 615
599618645476242304 -823 78 613
599618645486115840 -824 78 613
599618645495989248 -825 78 612
599618645505862656 -825 80 612
599618645515736064 -824 81 613
599618645525609472 -824 80 616
599618645535482880 -823 83 614
599618645545356288 -823 82 613
599618645555229696 -823 84 614
599618645565103104 -821 85 613
599618645574976512 -822 82 611
599618645584850048 -821 80 612
599618645594723456 -822 78 612
599618645604596864 -819 74 613
599618645614470272 -821 71 615
599618645624343680 -821 73 616
599618645634217088 -824 77 615
599618645644090496 -824 76 612
599618645653963904 -822 77 612
599618645663837312 -825 84 611
599618645673710720 -824 85 613
599618645683584128 -825 84 615
599618645693457664 -824 84 613
599618645703331072 -823 83 612
599618645713204480 -824 83 613
599618645723077888 -824 84 612
599618645732951296 -823 82 613
599618645742824704 -821 87 612
599618645752698112 -822 86 614
599618645762571520 -820 83 614
599618645772444988 -818 80 612
599618645782314112 -820 81 617
599618645792183296 -822 80 615
599618645802052480 -826 82 616
599618645811921664 -828 81 610
599618645821790848 -827 79 610
599618645831660032 -821 75 608
599618645841529216 -819 75 607
599618645851398400 -814 71 618
599618645861267584 -816 75 620
599618645871136768 -821 82 616
599618645881005952 -824 83 617
599618645890875136 -826 81 613
599618645900744320 -826 80 610
599618645910613504 -824 76 610
599618645920482688 -823 78 612
599618645930351872 -820 81 613
599618645940221056 -816 76 613
599618645950090240 -814 77 613
599618645959959424 -819 75 616
599618645969828608 -821 77 615
599618645979697792 -824 78 617
599618645989566976 -826 81 618
599618645999436160 -825 84 619
599618646009305344 -823 82 616
599618646019174528 -822 82 616
599618646029043712 -817 79 616
599618646038912896 -817 81 614
599618646048782080 -815 78 615
599618646058651264 -817 80 614
599618646068520448 -817 80 616
599618646078389632 -817 81 616
599618646088258816 -820 83 617
599618646098128000 -816 82 620
599618646107997184 -818 82 620
599618646117866368 -818 82 617
599618646127735566 -817 82 617
599618646137608960 -819 80 617
599618646147482368 -817 77 618
599618646157355776 -818 74 618
599618646167229184 -820 77 613
599618646177102592 -819 78 613
599618646186976000 -820 77 613
599618646196849536 -819 77 613
599618646206722944 -820 80 615
599618646216596352 -816 77 618
599618646226469760 -818 78 618
599618646236343168 -819 76 621
599618646246216576 -821 79 620
599618646256089984 -820 79 620
599618646265963392 -821 74 616
599618646275836800 -822 75 619
599618646285710208 -822 75 615
599618646295583744 -821 76 616
599618646305457152 -820 80 614
599618646315330560 -821 79 616
599618646325203968 -820 82 616
599618646335077376 -818 77 617
599618646344950784 -820 82 615
599618646354824192 -818 79 614
599618646364697600 -817 80 613
599618646374571008 -817 77 614
599618646384444416 -816 76 617
599618646394317824 -816 75 618
599618646404191360 -818 79 617
599618646414064768 -818 76 617
599618646423938176 -818 76 617
599618646433811584 -820 77 617
599618646443684992 -819 79 615
599618646453558400 -819 79 618
599618646463431808 -820 77 617
599618646473305216 -820 80 614
599618646483178690 -820 82 616
599618646493049600 -818 79 616
599618646502920448 -819 83 615
599618646512791296 -820 79 615
599618646522662272 -819 80 615
599618646532533120 -819 82 614
599618646542403968 -818 80 617
599618646552274816 -818 79 616
599618646562145792 -816 80 619
599618646572016640 -818 77 618
599618646581887488 -818 80 617
599618646591758336 -823 80 619
599618646601629312 -825 83 616
599618646611500160 -824 78 616
599618646621371008 -824 79 610
599618646631241856 -822 76 613
599618646641112704 -815 77 617
599618646650983680 -811 78 615
599618646660854528 -814 78 614
599618646670725376 -820 81 613
599618646680596224 -821 78 611
599618646690467200 -821 75 609
599618646700338048 -817 71 611
599618646710208896 -816 71 616
599618646720079744 -816 71 616
599618646729950720 -817 75 613
599618646739821568 -814 75 613
599618646749692416 -814 75 615
599618646759563264 -818 75 616
599618646769434240 -824 82 615
599618646779305088 -824 81 613
599618646789175936 -822 79 613
599618646799046784 -818 79 615
599618646808917632 -816 78 614
599618646818788608 -811 79 615
599618646828659456 -812 81 615
599618646838530288 -811 81 615
599618646848401152 -815 81 618
599618646858272000 -818 83 617
599618646868142848 -820 82 618
599618646878013824 -821 79 621
599618646887884672 -818 80 621
599618646897755520 -816 79 619
599618646907626368 -816 81 621
599618646917497344 -817 84 622
599618646927368192 -816 81 621
599618646937239040 -815 79 620
599618646947109888 -815 79 616
599618646956980864 -818 79 616
599618646966851712 -818 78 616
599618646976722560 -816 79 616
599618646986593408 -815 78 615
599618646996464256 -813 73 620
599618647006335232 -812 76 619
599618647016206080 -814 75 620
599618647026076928 -817 75 621
599618647035947776 -819 72 620
599618647045818752 -818 77 619
599618647055689600 -820 77 619
599618647065560448 -818 78 621
599618647075431296 -818 80 617
599618647085302272 -815 82 618
599618647095173120 -816 78 619
599618647105043968 -817 83 621
599618647114914816 -815 80 621
599618647124785664 -816 84 618
599618647134656640 -816 81 618
599618647144527488 -815 79 619
599618647154398336 -818 79 616
599618647164269184 -819 81 616
599618647174140160 -819 79 616
599618647184011008 -817 80 616
599618647193881880 -818 83 616
599618647203755264 -817 79 617
599618647213628672 -813 80 617
599618647223502080 -813 79 618
599618647233375488 -811 76 618
599618647243248896 -812 78 617
599618647253122304 -814 78 618
599618647262995840 -816 77 616
599618647272869248 -818 79 615
599618647282742656 -817 82 614
599618647292616064 -818 78 614
599618647302489472 -819 81 615
599618647312362880 -817 85 613
599618647322236288 -819 83 616
599618647332109696 -817 83 615
599618647341983104 -818 80 616
599618647351856512 -820 79 619
599618647361730048 -822 84 620
599618647371603456 -825 81 620
599618647381476864 -827 83 614
599618647391350272 -823 82 612
599618647401223680 -816 76 610
599618647411097088 -807 72 616
599618647420970496 -803 73 622
599618647430843904 -811 79 623
599618647440717312 -819 81 617
599618647450590720 -823 78 612
599618647460464256 -823 79 610
599618647470337664 -821 78 611
599618647480211072 -816 73 616
599618647490084480 -816 74 619
599618647499957888 -813 73 620
599618647509831296 -809 76 618
599618647519704704 -807 71 619
599618647529578112 -814 73 622
599618647539451520 -819 77 618
599618647549325020 -822 77 619
599618647559205248 -820 75 622
599618647569085440 -818 74 620
599618647578965632 -814 73 620
599618647588845824 -812 75 618
599618647598726016 -812 73 619
599618647608606208 -814 74 620
599618647618486528 -815 75 620
599618647628366720 -817 77 621
599618647638246912 -818 76 620
599618647648127104 -819 80 619
599618647658007296 -819 77 619
599618647667887488 -819 78 617
599618647677767680 -816 79 617
599618647687647872 -817 79 618
599618647697528064 -817 78 618
599618647707408256 -815 77 620
599618647717288448 -814 77 619
599618647727168640 -816 76 618
599618647737048960 -816 77 617
599618647746929152 -816 76 616
599618647756809344 -817 77 615
599618647766689536 -815 72 617
599618647776569728 -816 74 618
599618647786449920 -816 75 620
599618647796330112 -815 74 619
599618647806210304 -816 73 621
599618647816090496 -816 72 620
599618647825970688 -817 74 621
599618647835850880 -818 74 616
599618647845731072 -820 77 618
599618647855611392 -818 78 616
599618647865491584 -817 74 617
599618647875371776 -818 75 616
599618647885251968 -817 77 618
599618647895132160 -817 74 617
599618647905012318 -816 75 617
599618647914888320 -816 74 618
599618647924764288 -816 75 618
599618647934640256 -815 74 616
599618647944516224 -816 73 618
599618647954392192 -817 75 617
599618647964268160 -815 73 616
599618647974144128 -817 76 618
599618647984020096 -817 74 621
599618647993896064 -816 72 618
599618648003772032 -816 72 620
599618648013648000 -815 72 620
599618648023523968 -815 73 617
599618648033399936 -815 74 617
599618648043275904 -817 70 618
599618648053151872 -818 74 620
599618648063027712 -820 75 615
599618648072903680 -819 73 617
599618648082779648 -819 79 617
599618648092655616 -818 80 617
599618648102531584 -821 81 616
599618648112407552 -819 81 617
599618648122283520 -817 80 617
599618648132159488 -816 80 619
599618648142035456 -815 79 617
599618648151911424 -812 78 617
599618648161787392 -813 76 617
599618648171663360 -820 76 617
599618648181539328 -824 76 619
599618648191415296 -826 76 616
599618648201291264 -823 77 614
599618648211167232 -821 76 611
599618648221043200 -814 70 612
599618648230919168 -809 69 620
599618648240795136 -809 71 622
599618648250671104 -817 76 616
599618648260547004 -823 78 616
599618648270417792 -826 73 612
599618648280288640 -825 73 611
599618648290159488 -823 73 611
599618648300030464 -821 75 615
599618648309901312 -817 78 616
599618648319772160 -811 74 618
599618648329643008 -808 75 619
599618648339513984 -809 72 619
599618648349384832 -815 76 618
599618648359255680 -823 76 619
599618648369126528 -824 75 620
599618648378997504 -824 81 618
599618648388868352 -821 80 619
599618648398739200 -818 80 618
599618648408610048 -817 77 617
599618648418481024 -815 80 616
599618648428351872 -814 76 617
599618648438222720 -815 76 617
599618648448093568 -817 76 620
599618648457964416 -817 77 620
599618648467835392 -816 79 619
599618648477706240 -816 82 617
599618648487577088 -816 82 615
599618648497447936 -817 81 617
599618648507318912 -815 79 615
599618648517189760 -817 78 618
599618648527060608 -815 77 616
599618648536931456 -813 77 620
599618648546802432 -813 78 618
599618648556673280 -817 78 614
599618648566544128 -817 77 615
599618648576414976 -816 81 613
599618648586285824 -817 77 613
599618648596156800 -817 78 615
599618648606027648 -817 77 616
599618648615898608 -818 77 616
599618648625766912 -820 74 619
599618648635635200 -816 75 618
599618648645503616 -816 70 619
599618648655371904 -815 76 617
599618648665240192 -815 79 616
599618648675108608 -815 78 616
599618648684976896 -816 79 614
599618648694845312 -815 80 612
599618648704713600 -818 79 613
599618648714581888 -817 80 615
599618648724450304 -817 80 613
599618648734318592 -818 80 614
599618648744186880 -817 80 614
599618648754055296 -814 81 614
599618648763923584 -814 81 614
599618648773791872 -815 79 615
599618648783660288 -815 80 615
599618648793528576 -817 81 614
599618648803396992 -818 82 615
599618648813265280 -818 80 614
599618648823133568 -820 79 614
599618648833001984 -818 83 613
599618648842870272 -820 85 614
599618648852738560 -820 84 615
599618648862606976 -818 84 614
599618648872475264 -818 84 614
599618648882343552 -816 84 613
599618648892211968 -815 80 614
599618648902080256 -814 80 613
599618648911948672 -818 82 613
599618648921816960 -820 82 613
599618648931685248 -820 83 611
599618648941553664 -821 84 613
599618648951421952 -820 87 611
599618648961290240 -819 83 612
599618648971158652 -818 81 613
599618648981032960 -815 75 611
599618648990907264 -816 81 614
599618649000781440 -817 73 616
599618649010655744 -813 74 615
599618649020530048 -816 69 616
599618649030404352 -818 75 615
599618649040278528 -823 77 614
599618649050152832 -825 79 613
599618649060027136 -823 79 609
599618649069901312 -821 78 609
599618649079775616 -817 78 611
599618649089649920 -811 78 617
599618649099524224 -814 81 618
599618649109398400 -819 88 614
599618649119272704 -821 88 612
599618649129147008 -820 89 610
599618649139021312 -821 91 606
599618649148895488 -818 88 608
599618649158769792 -815 88 611
599618649168644096 -815 89 613
599618649178518272 -813 86 614
599618649188392576 -813 85 613
599618649198266880 -817 84 612
599618649208141184 -820 86 613
599618649218015360 -825 87 612
599618649227889664 -825 87 612
599618649237763968 -823 85 615
599618649247638144 -820 85 614
599618649257512448 -819 89 613
599618649267386752 -816 84 614
599618649277261056 -818 86 614
599618649287135232 -816 83 613
599618649297009536 -819 84 615
599618649306883840 -820 82 615
599618649316758144 -819 81 614
599618649326632314 -818 85 615
599618649336505728 -820 86 616
599618649346379136 -818 84 614
599618649356252544 -817 88 614
599618649366125952 -816 83 613
599618649375999360 -818 82 614
599618649385872768 -817 84 614
599618649395746304 -818 84 613
599618649405619712 -820 82 611
599618649415493120 -820 83 612
599618649425366528 -817 78 613
599618649435239936 -816 83 613
599618649445113344 -817 82 612
599618649454986752 -818 83 612
599618649464860160 -818 79 615
599618649474733568 -819 82 614
599618649484606976 -821 82 616
599618649494480512 -823 79 617
599618649504353920 -821 86 615
599618649514227328 -822 84 616
599618649524100736 -821 85 615
599618649533974144 -820 79 615
599618649543847552 -817 77 616
599618649553720960 -818 82 614
599618649563594368 -816 84 615
599618649573467776 -820 84 613
599618649583341184 -818 89 612
599618649593214720 -818 87 612
599618649603088128 -819 88 614
599618649612961536 -816 88 612
599618649622834944 -818 87 612
599618649632708352 -820 82 614
599618649642581760 -821 80 614
599618649652455168 -820 81 614
599618649662328576 -821 79 615
599618649672201984 -818 80 615
599618649682075450 -822 81 616
599618649691939456 -819 75 615
599618649701803520 -820 83 616
599618649711667584 -819 78 616
599618649721531776 -817 82 615
599618649731395840 -816 84 612
599618649741259904 -817 83 612
599618649751123968 -818 81 612
599618649760988160 -819 80 612
599618649770852224 -818 81 614
599618649780716288 -819 85 612
599618649790580352 -819 85 614
599618649800444544 -819 87 614
599618649810308608 -819 87 613
599618649820172672 -819 85 614
599618649830036736 -818 87 613
599618649839900928 -818 87 615
599618649849764992 -818 81 614
599618649859629056 -821 83 615
599618649869493120 -823 83 615
599618649879357312 -823 82 612
599618649889221376 -823 84 613
599618649899085440 -819 84 609
599618649908949504 -817 82 610
599618649918813696 -810 82 613
599618649928677760 -809 80 617
599618649938541824 -812 83 616
599618649948405888 -819 87 612
599618649958270080 -823 83 611
599618649968134144 -824 81 610
599618649977998208 -822 80 609
599618649987862272 -822 82 612
599618649997726464 -818 81 615
599618650007590528 -811 84 615
599618650017454592 -809 83 617
599618650027318656 -808 80 617
599618650037182896 -812 81 619
599618650047043584 -819 82 618
599618650056904320 -821 85 616
599618650066765056 -821 80 615
599618650076625664 -820 88 617
599618650086486400 -816 82 618
599618650096347136 -813 82 619
599618650106207872 -812 83 620
599618650116068480 -813 82 620
599618650125929216 -813 84 620
599618650135789952 -819 85 623
599618650145650688 -819 85 624
599618650155511296 -820 85 624
599618650165372032 -821 87 621
599618650175232768 -819 93 620
599618650185093504 -817 96 619
599618650194954112 -816 97 622
599618650204814848 -819 95 621
599618650214675584 -821 96 618
599618650224536320 -828 96 618
599618650234396928 -830 94 617
599618650244257664 -830 93 615
599618650254118400 -831 92 610
599618650263979136 -831 91 607
599618650273839744 -830 86 608
599618650283700480 -829 83 612
599618650293561216 -825 75 611
599618650303421952 -820 74 612
599618650313282560 -816 75 611
599618650323143296 -810 71 611
599618650333004032 -805 67 609
599618650342864768 -801 63 607
599618650352725376 -801 62 602
599618650362586112 -795 59 601
599618650372446848 -792 60 602
599618650382307584 -791 61 601
599618650392168268 -793 59 599
599618650402031616 -795 62 597
599618650411894912 -791 54 600
599618650421758080 -787 55 602
599618650431621376 -787 55 603
599618650441484672 -787 57 607
599618650451347840 -790 60 604
599618650461211136 -790 67 600
599618650471074304 -788 72 603
599618650480937600 -783 72 605
599618650490800896 -778 74 614
599618650500664064 -774 71 631
599618650510527360 -765 75 658
599618650520390656 -769 71 679
599618650530253824 -779 71 677
599618650540117120 -784 69 668
599618650549980288 -791 73 646
599618650559843584 -800 72 625
599618650569706880 -801 73 618
599618650579570048 -794 69 616
599618650589433344 -790 63 616
599618650599296640 -789 58 615
599618650609159808 -793 56 619
599618650619023104 -806 55 619
599618650628886400 -822 56 619
599618650638749568 -834 58 612
599618650648612864 -836 54 610
599618650658476032 -834 53 608
599618650668339328 -829 57 604
599618650678202624 -827 66 607
599618650688065792 -828 67 613
599618650697929088 -831 72 613
599618650707792384 -845 70 606
599618650717655552 -863 68 599
599618650727518848 -874 70 589
599618650737382016 -876 87 594
599618650747245228 -875 102 604
599618650757106688 -879 100 601
599618650766968192 -889 95 588
599618650776829824 -893 97 580
599618650786691328 -890 97 573
599618650796552960 -888 88 569
599618650806414464 -879 80 564
599618650816275968 -873 73 569
599618650826137600 -872 68 573
599618650835999104 -879 73 571
599618650845860608 -888 77 566
599618650855722240 -895 79 559
599618650865583744 -896 84 545
599618650875445376 -900 87 534
599618650885306880 -899 86 522
599618650895168384 -898 86 513
599618650905030016 -900 92 512
599618650914891520 -901 94 513
599618650924753024 -905 94 511
599618650934614656 -908 92 504
599618650944476160 -911 91 500
599618650954337792 -915 89 495
599618650964199296 -914 88 491
599618650974060800 -911 82 488
599618650983922432 -910 75 484
599618650993783936 -908 70 485
599618651003645440 -910 69 487
599618651013507072 -912 63 485
599618651023368576 -915 58 484
599618651033230208 -915 54 478
599618651043091712 -913 53 479
599618651052953216 -910 48 479
599618651062814848 -911 47 477
599618651072676352 -911 46 481
599618651082537856 -911 44 480
599618651092399488 -914 47 481
599618651102261102 -918 47 479
599618651112121856 -928 46 476
599618651121982592 -934 46 474
599618651131843328 -936 41 473
599618651141703936 -934 40 476
599618651151564672 -932 39 473
599618651161425408 -933 40 468
599618651171286144 -928 43 461
599618651181146752 -930 44 456
599618651191007488 -933 45 449
599618651200868224 -931 50 446
599618651210728960 -930 51 443
599618651220589568 -926 55 443
599618651230450304 -921 59 445
599618651240311040 -918 62 445
599618651250171776 -917 64 446
599618651260032384 -918 68 450
599618651269893120 -919 67 450
599618651279753856 -922 68 448
599618651289614592 -927 68 447
599618651299475200 -929 70 446
599618651309335936 -930 70 445
599618651319196672 -931 65 448
599618651329057408 -931 62 449
599618651338918016 -934 60 448
599618651348778752 -935 59 447
599618651358639488 -938 58 443
599618651368500224 -942 61 442
599618651378360832 -949 63 440
599618651388221568 -953 60 443
599618651398082304 -953 59 435
599618651407943040 -950 57 426
599618651417803648 -949 55 420
599618651427664384 -941 51 432
599618651437525120 -935 44 434
599618651447385856 -944 45 424
599618651457246468 -955 41 420
599618651467106304 -962 36 411
599618651476966144 -959 35 410
599618651486825984 -956 28 414
599618651496685824 -951 26 419
599618651506545792 -947 32 425
599618651516405632 -948 36 427
599618651526265472 -948 33 424
599618651536125312 -946 32 424
599618651545985152 -946 32 426
599618651555844992 -946 31 424
599618651565704832 -945 33 424
599618651575564800 -947 37 421
599618651585424640 -944 37 424
599618651595284480 -944 41 423
599618651605144320 -944 40 422
599618651615004160 -948 41 421
599618651624864000 -950 43 415
599618651634723840 -952 43 417
599618651644583808 -950 40 415
599618651654443648 -949 42 414
599618651664303488 -949 43 420
599618651674163328 -949 42 422
599618651684023168 -951 43 421
599618651693883008 -954 46 416
599618651703742848 -954 48 414
599618651713602688 -956 48 414
599618651723462656 -953 47 417
599618651733322496 -951 44 413
599618651743182336 -954 45 406
599618651753042176 -954 44 403
599618651762902016 -948 44 411
599618651772761856 -953 44 413
599618651782621696 -950 42 410
599618651792481664 -953 39 414
599618651802341504 -952 41 419
599618651812201352 -955 40 414
599618651822063744 -953 37 418
599618651831926144 -949 38 418
599618651841788544 -950 41 417
599618651851650944 -950 43 421
599618651861513344 -949 44 421
599618651871375744 -948 43 418
599618651881238144 -949 44 410
599618651891100544 -952 42 409
599618651900962944 -954 41 408
599618651910825344 -957 39 406
599618651920687744 -957 39 403
599618651930550144 -961 40 402
599618651940412544 -956 38 402
599618651950274944 -955 39 407
599618651960137344 -952 38 413
599618651969999744 -949 38 422
599618651979862144 -949 42 427
599618651989724544 -947 39 428
599618651999586944 -947 41 429
599618652009449344 -949 42 428
599618652019311744 -951 42 426
599618652029174144 -949 45 423
599618652039036544 -950 44 420
599618652048898944 -948 45 421
599618652058761344 -946 44 424
599618652068623744 -948 43 426
599618652078486144 -949 41 418
599618652088348544 -949 37 414
599618652098210944 -955 35 408
599618652108073344 -961 34 406
599618652117935744 -961 34 407
599618652127798144 -955 36 405
599618652137660544 -947 34 399
599618652147522944 -944 32 411
599618652157385344 -934 31 423
599618652167247758 -945 28 416
599618652177111808 -959 31 412
599618652186975872 -965 27 401
599618652196839936 -964 30 395
599618652206704128 -958 31 396
599618652216568192 -953 38 398
599618652226432256 -946 43 404
599618652236296320 -948 44 412
599618652246160512 -951 44 408
599618652256024576 -951 43 407
599618652265888640 -949 42 410
599618652275752704 -943 36 412
599618652285616896 -940 31 420
599618652295480960 -938 33 423
599618652305345024 -937 30 430
599618652315209088 -939 31 431
599618652325073280 -945 27 430
599618652334937344 -951 18 434
599618652344801408 -957 16 422
599618652354665472 -958 12 421
599618652364529664 -959 6 415
599618652374393728 -959 4 414
599618652384257792 -960 3 416
599618652394121856 -959 0 418
599618652403986048 -963 0 412
599618652413850112 -963 2 413
599618652423714176 -966 2 413
599618652433578240 -965 3 411
599618652443442432 -966 1 404
599618652453306496 -964 -1 401
599618652463170560 -964 -1 395
599618652473034624 -960 0 394
599618652482898816 -961 1 395
599618652492762880 -962 1 399
599618652502626944 -964 2 396
599618652512491008 -961 1 399
599618652522355190 -962 4 398
